100 1000
35 84 1
69 85 1
3 22 1
98 72 1
85 2 1
29 76 1
94 11 1
62 47 1
45 47 1
7 83 1
42 88 1
22 37 1
96 22 1
4 7 1
31 58 1
66 95 1
42 46 1
40 9 1
28 36 1
65 80 1
21 4 1
67 32 1
81 42 1
69 86 1
25 29 1
81 58 1
74 17 1
74 79 1
68 33 1
68 34 1
71 18 1
15 98 1
12 37 1
68 2 1
92 92 1
45 48 1
14 74 1
56 12 1
93 42 1
96 30 1
9 91 1
27 92 1
60 38 1
89 0 1
77 22 1
66 93 1
68 39 1
9 15 1
38 24 1
9 98 1
35 67 1
25 20 1
8 59 1
78 21 1
14 31 1
37 79 1
29 88 1
59 75 1
44 77 1
38 98 1
9 96 1
83 5 1
32 29 1
48 70 1
48 63 1
90 53 1
54 90 1
62 15 1
10 84 1
51 37 1
19 21 1
56 40 1
68 43 1
83 45 1
29 67 1
50 55 1
36 68 1
2 21 1
61 60 1
95 50 1
91 0 1
55 53 1
99 85 1
21 3 1
26 75 1
74 54 1
91 96 1
63 26 1
84 16 1
3 4 1
39 98 1
19 21 1
98 44 1
31 34 1
34 56 1
63 90 1
27 10 1
57 77 1
42 40 1
60 55 1
61 84 1
18 89 1
31 63 1
23 22 1
69 12 1
87 21 1
91 69 1
12 64 1
71 57 1
31 81 1
64 28 1
25 4 1
62 32 1
90 78 1
4 72 1
40 62 1
3 86 1
45 8 1
42 79 1
21 7 1
91 25 1
6 97 1
77 49 1
52 15 1
86 72 1
25 35 1
98 23 1
21 86 1
6 33 1
65 22 1
12 2 1
22 49 1
92 45 1
54 3 1
61 1 1
88 77 1
37 63 1
9 15 1
67 68 1
21 54 1
66 91 1
63 57 1
63 9 1
33 46 1
79 41 1
91 28 1
27 36 1
11 90 1
39 79 1
83 16 1
22 22 1
51 43 1
19 77 1
43 31 1
60 65 1
39 74 1
80 60 1
36 2 1
40 54 1
10 63 1
49 65 1
75 96 1
77 76 1
86 85 1
13 82 1
29 25 1
35 21 1
15 0 1
31 60 1
75 3 1
31 5 1
58 38 1
7 13 1
5 7 1
2 52 1
67 66 1
74 39 1
51 37 1
30 96 1
27 71 1
78 21 1
49 10 1
8 31 1
81 57 1
58 95 1
26 17 1
22 21 1
99 95 1
43 35 1
8 97 1
16 17 1
25 12 1
68 70 1
59 97 1
71 61 1
36 73 1
75 74 1
44 83 1
9 73 1
83 82 1
84 82 1
90 53 1
7 89 1
36 35 1
68 0 1
87 24 1
12 84 1
13 67 1
16 90 1
21 12 1
38 14 1
55 95 1
67 66 1
88 90 1
36 68 1
69 1 1
38 47 1
4 68 1
9 11 1
4 66 1
50 96 1
78 53 1
89 57 1
29 44 1
81 75 1
5 74 1
90 67 1
88 99 1
13 11 1
33 22 1
5 53 1
79 45 1
89 43 1
32 67 1
31 6 1
65 65 1
67 1 1
53 64 1
8 30 1
22 72 1
74 89 1
62 32 1
18 61 1
7 84 1
40 29 1
41 30 1
63 36 1
49 63 1
49 11 1
24 83 1
43 93 1
74 60 1
66 31 1
78 8 1
48 38 1
2 32 1
80 52 1
94 28 1
6 59 1
97 93 1
98 1 1
21 76 1
32 12 1
23 40 1
26 42 1
39 8 1
30 37 1
76 71 1
54 65 1
44 71 1
60 52 1
82 84 1
34 60 1
27 79 1
15 24 1
30 91 1
21 41 1
80 22 1
8 37 1
59 95 1
25 97 1
84 12 1
58 17 1
66 73 1
78 49 1
88 69 1
73 93 1
40 70 1
7 47 1
27 97 1
4 92 1
16 68 1
30 73 1
1 90 1
84 36 1
30 86 1
74 14 1
73 10 1
72 36 1
29 15 1
88 41 1
45 13 1
83 43 1
65 35 1
34 36 1
58 31 1
18 75 1
33 80 1
7 33 1
89 61 1
31 20 1
2 84 1
46 16 1
63 74 1
61 35 1
29 34 1
78 69 1
88 4 1
27 72 1
74 2 1
90 82 1
13 67 1
54 87 1
79 50 1
24 44 1
66 17 1
48 64 1
16 61 1
61 95 1
44 75 1
6 7 1
45 99 1
38 11 1
67 29 1
69 31 1
1 81 1
38 7 1
39 20 1
66 43 1
19 47 1
51 74 1
21 95 1
41 73 1
92 46 1
67 68 1
75 76 1
87 3 1
66 91 1
26 72 1
85 87 1
92 72 1
69 0 1
18 63 1
82 73 1
25 99 1
12 72 1
13 79 1
83 64 1
72 48 1
58 70 1
79 93 1
30 83 1
36 70 1
12 77 1
28 26 1
94 63 1
77 1 1
10 16 1
39 13 1
79 49 1
80 93 1
19 87 1
13 23 1
11 56 1
54 66 1
92 53 1
45 72 1
45 10 1
34 20 1
67 5 1
25 30 1
35 11 1
47 39 1
64 81 1
38 24 1
37 96 1
17 35 1
79 5 1
98 93 1
23 43 1
76 21 1
83 21 1
42 20 1
34 8 1
31 59 1
37 84 1
28 80 1
48 4 1
86 7 1
22 49 1
45 38 1
40 95 1
3 64 1
38 29 1
46 87 1
59 45 1
14 36 1
80 89 1
89 36 1
22 87 1
3 67 1
62 76 1
26 15 1
56 83 1
78 75 1
6 1 1
80 49 1
37 48 1
44 3 1
4 74 1
72 69 1
97 56 1
63 45 1
30 6 1
1 18 1
32 65 1
41 71 1
25 41 1
75 61 1
36 51 1
17 53 1
51 3 1
51 68 1
52 56 1
51 32 1
60 36 1
20 36 1
62 0 1
96 27 1
17 70 1
8 95 1
27 1 1
20 12 1
50 78 1
14 77 1
50 46 1
46 38 1
9 16 1
0 27 1
99 40 1
74 95 1
23 2 1
7 52 1
8 48 1
48 59 1
17 8 1
83 23 1
28 39 1
60 56 1
55 78 1
11 71 1
76 1 1
77 32 1
13 38 1
22 59 1
14 54 1
10 15 1
14 44 1
10 61 1
49 29 1
4 24 1
39 63 1
35 20 1
5 79 1
38 19 1
17 70 1
38 69 1
25 35 1
76 94 1
43 32 1
77 16 1
85 35 1
0 88 1
73 40 1
69 58 1
49 14 1
79 37 1
62 70 1
61 31 1
57 95 1
71 80 1
2 64 1
84 47 1
96 9 1
1 56 1
95 84 1
88 59 1
50 43 1
51 11 1
9 14 1
55 98 1
18 61 1
13 80 1
2 69 1
36 56 1
57 61 1
46 96 1
2 81 1
96 3 1
91 21 1
19 96 1
91 74 1
47 14 1
86 33 1
37 97 1
31 91 1
41 36 1
90 96 1
24 1 1
55 35 1
7 9 1
48 6 1
55 91 1
89 79 1
5 5 1
78 32 1
54 70 1
15 94 1
58 8 1
76 63 1
79 7 1
43 91 1
1 39 1
26 69 1
77 23 1
34 64 1
54 35 1
63 86 1
98 37 1
0 27 1
70 55 1
58 14 1
44 38 1
58 17 1
27 51 1
65 3 1
81 46 1
57 1 1
62 77 1
66 45 1
23 65 1
30 34 1
56 38 1
51 52 1
64 70 1
80 57 1
86 38 1
67 57 1
89 93 1
93 41 1
66 14 1
58 51 1
30 6 1
75 5 1
1 67 1
48 77 1
73 18 1
97 21 1
87 74 1
25 87 1
2 84 1
85 46 1
50 47 1
96 56 1
78 97 1
5 54 1
36 50 1
77 89 1
60 62 1
11 63 1
39 36 1
18 70 1
9 65 1
33 33 1
64 33 1
38 71 1
10 46 1
8 49 1
48 71 1
71 43 1
12 72 1
27 93 1
77 85 1
85 74 1
90 54 1
62 40 1
87 43 1
70 40 1
97 2 1
88 75 1
86 53 1
1 47 1
59 5 1
28 63 1
3 15 1
72 44 1
14 56 1
46 75 1
51 43 1
72 47 1
87 52 1
56 58 1
9 61 1
62 51 1
48 65 1
37 78 1
8 65 1
51 27 1
89 72 1
32 68 1
20 63 1
91 22 1
76 65 1
87 76 1
31 44 1
0 38 1
68 17 1
13 60 1
66 90 1
3 80 1
70 57 1
94 27 1
28 66 1
45 94 1
43 45 1
15 70 1
9 37 1
54 67 1
37 95 1
42 51 1
30 59 1
1 40 1
1 11 1
48 39 1
95 91 1
47 24 1
20 72 1
66 4 1
64 5 1
68 22 1
5 3 1
63 28 1
84 57 1
57 72 1
81 50 1
17 99 1
56 69 1
73 68 1
35 66 1
91 6 1
75 93 1
27 5 1
2 70 1
51 7 1
85 11 1
5 28 1
5 87 1
97 67 1
49 64 1
24 87 1
55 16 1
56 38 1
41 33 1
22 29 1
37 39 1
0 30 1
63 11 1
5 86 1
82 43 1
94 32 1
68 40 1
31 11 1
92 1 1
12 23 1
56 9 1
57 97 1
44 74 1
54 82 1
99 81 1
19 37 1
82 26 1
43 11 1
58 58 1
68 47 1
14 90 1
74 60 1
82 28 1
51 77 1
22 19 1
54 91 1
35 45 1
21 64 1
45 66 1
70 63 1
1 77 1
99 88 1
97 65 1
42 72 1
70 35 1
45 60 1
49 61 1
38 13 1
91 37 1
76 93 1
52 27 1
73 34 1
6 81 1
18 38 1
1 77 1
35 56 1
32 0 1
90 29 1
16 27 1
83 42 1
57 66 1
73 27 1
99 31 1
35 71 1
64 22 1
15 23 1
21 55 1
39 71 1
44 76 1
78 4 1
45 45 1
28 73 1
19 25 1
42 20 1
92 40 1
50 11 1
68 13 1
23 91 1
41 71 1
3 32 1
11 86 1
52 8 1
55 55 1
17 92 1
90 17 1
57 75 1
54 45 1
85 33 1
10 81 1
30 23 1
85 9 1
26 71 1
32 61 1
30 59 1
20 36 1
40 42 1
26 15 1
43 85 1
53 76 1
62 38 1
13 15 1
75 53 1
97 10 1
22 34 1
9 51 1
53 11 1
2 50 1
28 19 1
58 67 1
95 11 1
26 23 1
78 51 1
28 97 1
64 0 1
86 51 1
62 98 1
30 19 1
58 94 1
45 19 1
37 11 1
61 30 1
95 5 1
35 45 1
28 47 1
95 20 1
38 71 1
9 91 1
17 82 1
4 23 1
15 77 1
1 38 1
35 91 1
88 87 1
59 74 1
8 83 1
81 82 1
27 56 1
3 12 1
93 37 1
4 19 1
12 94 1
46 9 1
9 40 1
13 63 1
3 1 1
70 77 1
0 5 1
82 96 1
77 63 1
60 14 1
88 95 1
99 49 1
52 10 1
68 63 1
47 92 1
23 89 1
76 76 1
99 74 1
86 86 1
52 73 1
19 33 1
40 73 1
47 4 1
55 94 1
16 22 1
37 86 1
55 31 1
33 31 1
70 12 1
40 66 1
61 95 1
18 81 1
38 54 1
94 52 1
78 93 1
35 15 1
0 9 1
71 53 1
36 41 1
46 73 1
85 94 1
67 37 1
7 80 1
57 76 1
4 62 1
77 16 1
79 49 1
33 32 1
58 80 1
47 68 1
21 39 1
73 59 1
20 87 1
74 78 1
51 98 1
35 6 1
94 3 1
90 52 1
92 84 1
46 80 1
39 70 1
54 26 1
56 79 1
42 33 1
21 83 1
84 36 1
44 73 1
50 42 1
31 48 1
61 45 1
71 63 1
4 42 1
24 83 1
91 73 1
20 18 1
1 31 1
90 40 1
27 9 1
13 27 1
15 89 1
73 79 1
5 1 1
24 74 1
35 57 1
82 70 1
42 64 1
77 40 1
79 34 1
17 33 1
51 27 1
2 6 1
2 34 1
21 61 1
87 85 1
18 13 1
89 90 1
27 27 1
79 48 1
37 32 1
98 42 1
10 44 1
98 88 1
3 71 1
91 36 1
21 82 1
9 88 1
52 18 1
20 17 1
94 7 1
79 62 1
87 34 1
97 97 1
4 86 1
22 25 1
94 5 1
48 19 1
83 3 1
59 37 1
39 40 1
40 73 1
60 54 1
42 80 1
4 14 1
43 92 1
0 53 1
37 95 1
91 51 1
46 1 1
6 61 1
44 60 1
99 36 1
78 86 1
8 40 1
20 77 1
81 63 1
2 26 1
68 15 1
97 34 1
34 55 1
30 42 1
36 43 1
84 13 1
1 58 1
38 59 1
66 96 1
71 60 1
84 79 1
63 74 1
81 86 1
50 60 1
37 24 1
21 58 1
57 81 1
74 43 1
82 97 1
24 50 1
55 5 1
14 94 1
70 9 1
87 22 1
9 22 1
62 17 1
97 42 1
10 53 1
23 47 1
32 1 1
48 25 1
78 95 1
53 12 1
85 42 1
51 83 1
56 51 1
22 87 1
95 60 1
77 10 1
84 86 1
21 67 1
44 30 1
18 0 1
21 16 1
59 81 1
15 97 1
80 77 1
78 22 1
85 39 1
70 82 1
53 83 1
70 65 1
0 17 1
28 12 1
74 76 1
12 75 1
78 91 1
55 82 1
30 59 1
13 99 1
