2000 2000
1809 26 910
1457 1793 906
1684 1201 1059
370 625 1981
1422 1234 1565
944 1463 1496
750 702 122
1225 1868 1745
1297 688 372
1878 609 1601
1102 625 1375
1168 802 290
1602 1683 1388
17 643 797
1621 272 94
1849 1976 773
173 602 1236
1277 339 1505
1301 1837 271
588 1126 600
174 981 81
1790 1195 351
497 1839 356
1310 331 511
1983 1593 1441
469 187 1924
574 1051 1521
421 1317 642
888 847 1379
831 190 318
154 781 371
1502 556 1540
935 567 191
1661 1137 1773
1719 323 1820
569 1040 1062
144 1085 1528
974 1061 1196
653 71 739
245 1674 873
1113 1411 277
1542 1798 1402
86 1588 1503
840 679 1274
1975 172 1339
317 824 1995
1649 1539 15
299 38 144
891 1572 482
1375 241 1597
665 397 316
379 1610 1915
1703 9 203
1738 587 727
51 377 14
573 1233 1393
1022 1565 1243
913 287 1322
1429 1949 761
1623 29 1230
1160 932 1836
39 768 1548
381 1892 1116
1286 1076 1046
499 1959 501
610 1274 881
477 147 852
551 1290 1016
1513 1142 81
1508 852 1558
821 862 533
1774 235 410
1140 288 729
844 655 580
1505 106 977
11 1292 206
695 94 941
192 1597 1000
830 1473 1644
1776 508 443
1327 1531 1338
1443 632 792
169 1847 259
1513 199 1016
1623 919 1807
396 1097 261
598 1256 969
248 1115 1104
26 1921 361
585 1577 1702
882 1311 81
572 1255 1114
1453 530 898
1061 1297 1323
1944 680 1540
250 577 280
570 1000 1422
1185 1461 1641
581 701 1562
1151 1983 223
1945 1744 109
60 131 1913
1386 1433 1038
1431 655 1119
687 744 931
1120 528 860
186 646 390
1786 628 1828
912 1515 1538
40 1272 565
1022 368 1911
540 1172 549
1150 677 1844
1279 95 1023
93 655 497
1931 610 1527
263 967 617
1714 980 277
1260 40 399
166 761 273
191 693 369
153 398 1914
1365 1059 1043
992 1989 569
431 947 221
443 311 1226
1005 439 1681
1360 1594 72
1499 388 1079
1673 1044 1285
1223 128 987
343 856 1510
881 1125 1945
1252 293 1855
300 824 795
1733 588 1985
1595 395 212
1885 1003 380
1517 1037 1709
1335 1899 1169
1998 833 1589
121 1108 568
381 1376 1724
1279 1218 896
784 1360 162
1033 727 825
653 877 1046
1679 1853 834
1209 1102 850
158 1063 136
206 604 566
1984 30 456
995 271 1707
1558 1544 1690
397 695 1577
83 1969 462
1514 228 1407
1780 1986 1671
1531 1192 1301
774 1787 494
218 1537 728
1156 1704 618
1938 694 1165
1762 1841 399
1734 1028 10
530 674 478
1363 74 476
1018 456 545
9 1815 1176
352 705 762
43 266 1800
166 1974 1303
1854 1674 155
892 987 559
184 808 851
1582 1835 1155
211 797 663
1984 1000 1550
747 1742 1993
388 386 1926
499 967 703
1424 548 1094
1820 626 921
1228 585 1099
144 207 1222
1205 1822 1622
432 1404 1938
453 1494 120
93 1271 1995
1911 1023 1277
1531 1797 1723
1622 1728 688
1802 934 366
632 574 645
646 1871 1082
849 1725 680
1038 974 1228
1127 82 691
1480 1865 1244
304 585 1600
1 1071 412
1124 127 445
350 123 1619
1452 1419 1020
465 1986 517
569 200 1865
1113 1959 1926
1917 918 575
1450 1306 1002
1045 1182 1906
1216 136 793
1399 1032 1311
349 1722 1992
1179 1359 490
1770 1252 865
408 1985 1217
1045 1521 1590
472 846 1628
1824 1278 437
694 1163 957
1184 742 1707
79 28 704
646 1041 548
1291 90 1719
1732 452 418
1061 1434 1730
875 264 1851
192 554 1508
258 1978 1919
997 1892 91
1124 312 1789
491 893 1432
1553 1852 904
1185 1743 1258
357 983 1061
1188 1453 1615
1527 1074 1297
607 1821 1571
729 518 1785
1308 692 1944
697 862 460
1849 1834 864
775 1736 15
375 1927 1335
1508 1937 1274
265 1262 1765
1526 348 464
127 1076 1499
1465 857 1757
1525 98 697
66 486 765
252 1145 1386
108 737 1744
89 1544 1048
1268 1126 1942
791 576 313
370 631 1346
1479 1874 528
862 1384 1389
1430 770 1570
1986 561 1079
1243 941 555
1283 609 860
301 136 904
1377 1764 1343
1635 701 965
1762 713 1373
919 570 116
309 1804 6
213 1719 43
1073 1169 1825
1362 1904 911
1816 1987 764
1667 59 941
217 202 403
903 797 1421
464 1754 1950
164 1620 1194
381 298 1254
1707 616 178
388 646 1063
554 252 1444
1201 311 836
548 1213 1263
1047 1159 1433
668 433 1864
728 315 1490
286 85 118
757 450 548
1616 741 1564
1116 1598 29
502 869 1782
1699 632 170
1282 208 1692
1326 1333 1489
1410 430 814
419 1949 895
1114 553 1722
1248 1179 646
590 12 1738
53 7 1427
862 1048 1602
496 1823 1557
1282 1000 1204
1942 34 1139
114 1682 542
1872 813 889
896 288 1755
404 1854 1210
256 833 1769
526 1411 1684
751 919 65
1765 390 923
1009 195 564
1525 659 303
1790 699 195
1561 1884 1178
1514 1642 791
260 1971 1660
904 483 1006
330 425 74
350 62 245
1073 1355 21
353 1758 627
905 1264 1309
1948 705 114
973 545 909
411 1484 444
1569 822 1302
865 1288 1044
6 219 61
1627 1313 1932
1342 1861 984
709 1747 945
1558 1138 454
996 188 593
1925 1594 1222
537 1704 325
1607 1612 959
475 1182 781
1283 544 1889
1123 785 546
453 1106 934
1267 334 1110
572 917 1353
1599 676 788
553 1172 250
239 1511 1788
42 285 715
1048 470 1747
104 255 422
486 1670 1678
486 201 1883
612 193 699
1118 21 371
246 301 183
1038 94 1441
54 1703 745
1981 1228 1926
233 1840 1614
1790 424 1004
1969 303 530
1048 1047 479
703 1874 389
1336 1192 742
1698 1007 1065
471 413 268
427 923 935
1006 1478 157
1601 1671 1675
1614 119 1573
970 1550 64
1146 1128 1914
1369 957 885
378 803 1913
1016 825 938
753 1593 998
335 1282 1244
1744 225 1089
938 1629 404
917 1777 252
0 1256 1113
473 1267 1151
1035 863 1918
1174 307 1002
1303 1790 419
960 1182 1897
583 655 1708
1627 1945 283
205 739 637
1680 1571 1712
1841 912 1270
65 595 1316
483 184 1013
769 1872 809
1223 1575 211
290 1391 1601
1968 510 1426
724 933 1322
528 1343 517
1265 110 1379
1476 592 1571
260 248 1117
231 1678 1737
1612 1207 607
1614 1925 1687
758 1260 1126
1580 1968 1700
51 1793 540
1379 698 957
1964 352 802
906 1844 189
654 1933 1181
627 288 1381
372 1964 1218
1056 771 822
639 712 487
587 816 1860
46 1437 1650
129 1876 412
143 1266 1681
1112 413 271
1522 747 715
598 1988 75
1059 910 1495
113 667 75
1393 1197 1259
1241 573 1579
1910 1901 1453
918 582 1167
138 369 417
749 648 485
12 1568 1554
1937 1333 658
1383 1385 865
342 1188 1504
408 605 1372
1120 867 910
866 1289 66
351 1708 264
1739 60 1838
1592 693 39
1389 446 10
1393 1497 790
28 1162 282
1958 241 1559
109 151 1000
1504 1119 1473
703 235 167
452 1098 1744
1056 1969 285
1177 322 759
656 1721 399
164 560 1438
1165 1323 1290
1924 1680 125
595 1692 703
348 1562 1803
538 132 197
735 331 1451
1268 181 1546
1264 1813 1030
1008 1945 1770
1301 876 582
117 1671 244
446 642 463
1097 1526 1199
1292 980 696
593 1063 1525
996 660 627
1121 565 1974
897 47 1544
236 1115 992
583 752 278
1118 1661 1324
781 1472 1016
938 942 1789
287 47 1750
579 325 662
1722 751 892
97 234 384
1398 275 1484
771 129 1920
924 1712 652
1339 1989 778
922 1057 1283
1306 1966 304
141 189 574
1244 390 532
1044 1655 563
1745 733 42
840 729 164
718 1156 955
1288 211 988
604 265 299
1924 1501 432
708 81 35
1513 711 898
406 918 194
1559 239 1358
1805 1187 1259
1161 841 325
1884 907 1790
118 411 855
1038 763 1777
1948 729 964
1850 1829 964
299 406 512
774 75 1199
1811 62 514
1103 129 405
1109 1012 1932
123 1298 85
1141 1757 575
698 1675 417
1250 1333 1796
1541 1219 1602
784 843 1753
1232 1892 958
1622 1355 1739
334 1989 1499
1325 1440 1880
450 438 985
1429 301 1444
1682 1455 247
1882 1178 903
400 610 252
36 112 757
1708 1098 580
589 1069 1356
1733 213 396
611 1154 596
605 1267 614
1777 1770 632
1670 1525 1923
52 1334 1312
580 1658 630
245 479 416
581 263 1856
275 537 594
458 1168 988
1350 816 1253
32 134 254
808 835 606
1516 1506 1794
543 1911 706
1981 1618 166
918 916 1892
1733 61 480
531 1496 653
44 973 365
1984 199 1858
422 734 546
1254 482 1185
721 186 1381
1305 1979 1528
1272 1350 644
428 462 1406
656 843 880
1259 47 115
105 1044 1779
735 1057 1304
47 1316 1446
1889 1161 1421
1573 1296 633
1059 64 93
794 1103 1282
1022 854 1389
1626 715 364
1970 121 1820
1812 411 625
1098 1288 229
1272 1823 118
48 1132 1898
777 942 1041
259 607 192
692 246 1998
487 1560 78
465 1201 1664
1163 723 1913
1484 253 1
1232 619 207
1127 7 1336
1813 1726 584
1023 1299 520
1513 42 1589
1862 1578 500
1033 847 89
1272 662 1596
1714 606 896
1038 1090 1577
1511 577 497
465 851 123
902 895 1648
464 1394 1766
506 720 1017
732 1578 1835
319 1338 1039
783 903 1307
453 1416 1323
907 1584 1129
557 928 934
1864 653 563
302 533 331
90 549 1776
1308 1970 1476
1504 914 717
1806 51 1479
1091 1075 1131
433 1150 1630
1669 1187 246
1438 858 1284
86 907 1159
1486 795 1401
374 874 1609
527 729 1550
1721 245 262
372 1433 1165
1539 1557 1726
94 88 32
1050 1187 1712
418 1496 1156
1512 343 809
466 176 1829
633 1040 1717
1759 1472 1666
1339 117 1102
1772 1449 1995
1657 1057 90
653 1787 429
1677 1783 702
492 612 1133
1996 1310 564
1147 885 1317
360 1520 543
893 1076 222
64 119 436
1394 501 291
1771 754 673
1601 1980 1124
1085 402 194
1459 268 1686
1640 323 1174
1721 392 1799
489 796 1233
1633 1989 295
324 606 256
1618 140 587
1504 364 1894
27 507 1162
264 1319 1369
1281 225 1291
1129 238 112
1813 784 1263
1139 1513 1468
1215 843 1280
1206 1457 186
1345 1115 1869
185 1506 218
1192 1252 43
953 584 33
1774 52 1991
866 1750 866
637 1108 626
962 1106 961
1379 1735 744
7 763 845
1990 841 654
246 1585 1480
1472 541 347
240 412 1872
102 1232 1871
1571 786 156
842 1007 864
355 952 132
35 713 1563
451 52 1214
870 1656 572
1981 1214 1275
555 862 457
966 417 168
139 1457 1638
876 538 1175
1719 519 639
884 1559 872
320 1691 1888
808 925 293
765 1180 1013
940 405 1007
329 446 1646
183 1768 686
316 1575 139
514 156 1258
1104 102 1223
758 1350 1248
1170 1811 1
999 53 192
1973 712 869
1311 330 358
1053 1862 703
1524 1639 1475
1318 248 541
1679 1099 558
1949 697 1187
1199 579 722
884 192 1014
555 1506 1240
429 882 603
699 1677 1859
1753 1179 913
73 1315 524
1679 884 1022
305 1759 1021
1374 845 279
30 936 490
1723 1913 169
1686 896 37
1341 707 1865
773 1107 317
271 76 372
1448 610 160
1953 1118 462
258 763 1657
416 341 1064
571 1923 715
138 1742 1459
498 502 868
744 404 448
1846 993 1736
1356 1453 1242
752 1388 460
1605 1747 1808
794 689 924
1203 1907 502
1649 1720 1714
418 1199 1556
513 859 908
1190 1735 1016
1771 497 578
1638 68 29
1348 486 509
1267 1776 1400
1660 1961 1222
119 240 1566
990 1780 1737
256 258 212
1237 1990 1726
299 1269 328
1984 535 603
1967 1545 216
407 832 1000
1534 514 319
698 613 188
1117 1261 522
793 1653 1556
1116 945 967
196 231 533
1338 941 1097
1514 719 684
1035 1391 9
70 920 266
931 1646 317
724 56 1540
1071 1616 1876
1387 504 1609
1724 1849 1031
501 477 94
1722 1054 1809
1253 1577 1526
377 231 1165
1255 1621 1920
1375 1063 1378
812 1148 1112
1674 1510 1726
1845 1182 1815
918 1966 1410
847 265 236
1138 1789 180
154 210 1531
1777 1518 541
1872 1428 1988
1606 176 1254
1023 447 1562
907 1431 1019
1322 1011 1399
900 758 1130
548 173 274
337 1589 809
134 236 1644
1461 1623 525
293 426 40
274 1964 1737
238 1603 1065
499 1054 1750
1528 1790 846
1356 1938 1502
1242 1469 328
1607 1122 1694
986 682 101
1941 229 22
530 436 709
1327 311 1147
1149 1027 558
87 491 857
210 1493 1932
1991 1610 1773
1917 238 1484
1229 911 1655
439 1997 1041
1332 264 1198
1463 880 623
1545 1038 256
1287 171 320
835 508 599
1902 1545 598
713 1049 1921
1852 1924 958
471 1252 742
1406 1557 1726
1589 1204 363
1215 156 668
1441 804 1086
676 429 219
1645 311 1900
1288 689 968
1633 94 1387
462 82 1812
1044 1490 1216
1604 1737 701
1262 303 611
1356 1404 368
1448 593 239
226 1305 631
878 1603 1083
192 561 562
1176 197 1330
1834 680 395
831 785 873
836 828 199
618 416 1308
1230 1133 1402
1717 250 1303
282 291 760
507 549 382
237 576 1810
1880 1444 1295
840 1139 617
249 624 1849
54 1462 718
1301 123 1185
1234 0 341
1946 1325 212
1599 506 1459
746 1751 1929
1192 393 36
1944 1246 1531
1416 1703 1139
879 1276 1678
1738 1675 1018
1546 1126 1547
1366 211 84
463 985 649
1621 1256 314
1299 1916 445
1437 425 761
6 1352 351
436 969 849
1558 1118 1303
141 597 1341
631 1015 1813
98 1958 988
1303 370 1274
1833 45 345
1461 1929 688
844 774 115
1947 1274 310
1698 82 105
498 236 1982
161 170 89
733 104 65
1747 1190 483
746 170 1303
1362 1321 967
1759 952 1079
417 331 1114
1738 1098 1328
614 785 132
530 66 1982
360 1500 1591
317 1508 879
1172 704 589
1062 1143 409
1030 1804 122
1972 49 329
1906 91 2000
544 755 1470
1238 41 1548
1081 20 1917
868 772 198
1644 70 1519
407 1037 34
863 270 1979
1854 659 294
911 209 247
1023 1421 1243
1655 793 105
1014 460 608
928 433 1919
447 780 1855
242 358 1258
361 1234 77
1824 1074 1546
849 1146 282
1046 864 1041
589 1524 1325
605 1159 384
1505 1571 771
356 53 1076
74 1730 1115
1450 1397 18
768 899 136
1464 1164 1757
715 1946 737
521 1665 862
1324 588 860
1463 1715 1034
1987 840 1292
1260 1435 354
15 91 733
115 1288 1425
185 1160 1663
1018 1235 274
1515 673 1425
231 360 168
1198 955 984
1086 1251 786
1228 589 42
1114 906 1780
361 658 1346
192 775 762
781 1470 1873
1062 1954 868
180 801 679
854 1383 522
1643 451 1003
1557 597 231
217 1502 1749
639 1610 496
711 563 985
1158 1542 21
215 1980 1027
1147 1663 1009
820 1029 1258
1423 1058 1281
1007 1895 941
1890 1489 541
448 111 869
1164 1802 221
301 1649 1031
1748 105 666
1716 1635 1918
1403 1834 261
1011 396 1123
1148 927 1359
1065 1030 677
1720 521 979
1315 1127 197
970 1804 459
1726 1731 1738
1142 1119 111
1017 368 932
1222 106 391
755 95 579
40 1484 1911
663 1592 175
1179 874 250
1517 1027 355
1720 99 1226
1344 1029 122
93 1028 173
198 1806 1808
873 1126 1008
269 885 1238
759 707 1614
2 832 693
1660 716 888
1740 1537 1437
77 1629 36
733 1079 1047
1485 1957 280
975 470 987
1131 1109 1338
1820 1271 1705
889 1795 105
805 588 1811
1442 1487 232
1097 1941 1516
82 775 1585
1458 698 1991
1334 317 147
1028 178 775
1706 633 295
1816 666 1643
1789 143 1640
403 1848 1301
1007 1778 1019
480 350 933
1290 68 1215
1150 333 1088
1028 1614 152
1472 208 1097
244 16 897
219 861 791
728 1336 1354
1933 829 1698
30 1405 894
538 19 1949
1765 650 1382
1787 1030 264
474 528 1568
917 1026 500
1967 208 478
1611 777 1538
142 873 831
1362 1596 1
765 1464 1883
172 400 1968
1758 1374 78
28 1541 1264
1148 1965 234
1299 361 260
651 789 1954
221 771 1229
1328 1360 1378
1256 1203 1744
1920 1028 795
692 336 176
369 1290 269
217 1750 954
1063 120 339
1521 1677 1017
610 1739 149
573 921 343
1862 323 1249
1881 774 1231
1204 862 1881
118 1206 1928
1500 834 222
662 719 1921
898 580 1933
618 1320 1081
148 983 978
122 475 291
662 647 132
1772 693 1497
1090 845 1738
1248 674 1037
1586 272 340
1023 222 466
1854 449 1942
636 84 69
1170 1416 1419
54 355 1050
667 205 576
1228 375 62
630 1770 817
1667 962 723
1389 1683 1544
394 1469 967
1405 970 672
1862 452 685
851 247 950
254 315 1048
1786 507 534
566 494 1535
1947 835 1479
1829 600 389
1129 340 1864
767 428 1834
1306 87 832
344 319 506
665 1373 1299
1874 1566 112
627 1944 273
1054 1942 1672
370 835 197
397 723 1859
463 722 1397
1988 1221 708
148 365 1435
73 512 658
1194 617 447
1313 1915 908
922 21 1762
282 495 1781
644 682 388
1430 1999 648
608 178 367
690 94 1222
613 1196 1533
1261 1098 1525
1560 1364 1666
585 1277 993
633 523 1484
1042 1940 123
1388 1466 379
1895 1635 1024
1914 561 638
427 1837 1466
686 1997 1812
1879 165 1461
1577 1277 1321
1819 1149 30
436 1963 1396
187 1144 1171
1559 633 967
1537 1347 619
804 1323 158
1849 720 371
1162 232 841
262 794 1936
1307 785 1456
785 884 1820
1477 1149 501
376 1545 1627
1262 644 1991
552 554 1745
1931 1882 1468
1915 1497 1310
540 1694 1747
224 946 1528
781 1361 1390
1457 1298 859
1781 311 639
659 1208 705
1627 239 810
719 1060 1586
1167 867 1847
1708 638 164
1758 1735 219
1546 785 942
1106 1893 1660
962 1253 5
684 1919 1314
1521 1544 1346
1296 1240 583
1703 79 1162
1207 196 1110
153 649 105
577 1025 1917
864 346 1735
1657 1695 1292
1500 371 869
1040 816 103
58 1520 1026
1711 1511 158
1642 869 1407
846 1132 628
1833 1221 1617
1401 1294 797
1209 910 1902
1969 1275 998
1716 1030 737
747 1856 576
1694 1274 1898
960 1862 869
1548 847 174
1006 713 263
1464 556 490
135 1973 732
1849 770 186
321 1091 1233
584 614 1646
1740 1772 1063
1133 676 1665
1324 1252 57
1822 14 1888
122 1160 1051
699 1405 1172
1008 1953 1555
1747 749 1562
1161 1998 388
1452 1803 947
1027 1597 1281
1392 43 609
466 1202 457
705 1809 1847
940 960 1128
1209 1940 1605
777 855 1431
1187 1813 1401
26 1215 1253
465 1575 252
917 427 556
1145 12 570
498 137 519
1094 799 1769
525 138 1515
317 624 1958
605 1452 1595
1440 1004 1516
1005 692 567
475 999 133
1301 130 1844
987 368 1994
1363 0 1369
43 1026 1130
1212 1915 727
252 1650 977
1782 827 1524
1728 1652 301
1480 1255 846
1993 365 573
574 932 1273
74 250 53
806 1347 999
1770 683 628
1812 1880 1518
716 118 26
1031 1985 23
565 856 1362
1036 1576 95
436 1081 1921
1103 203 904
259 1065 1011
1737 669 1237
850 747 704
330 414 435
513 733 1992
1538 666 1917
1512 1868 164
1042 1583 1859
835 1725 37
1306 76 864
337 1766 30
1060 1707 1485
1186 1952 1002
1725 584 521
1700 1525 1056
1647 480 148
323 1839 712
110 110 367
1964 579 1382
1522 929 1273
1233 389 1857
98 763 939
1126 1066 833
1060 440 229
627 1215 1390
1110 413 823
1824 510 335
1990 1075 132
1190 222 884
1851 287 1503
1638 548 1504
1207 1724 945
1359 1500 928
1592 1327 437
1592 1371 1397
11 405 1211
1381 687 1063
324 602 65
1907 1360 655
817 53 1226
903 1872 20
1188 80 1047
295 1523 1375
732 1313 1639
230 31 959
645 1520 1138
898 1372 1709
1404 1445 1763
1896 266 346
1189 1536 488
535 468 1713
1432 1120 1557
1502 831 867
577 531 1733
1652 60 1787
1603 359 1240
1409 1040 1184
1056 91 568
761 249 717
1869 99 427
1276 594 1494
1905 667 1433
142 520 436
1236 34 1702
1472 397 1940
1373 533 198
84 221 1036
955 640 307
1398 1870 809
354 1061 896
1466 1549 162
1745 699 833
1809 1556 1967
1864 1194 1949
116 1873 1840
1700 1468 103
317 458 1217
159 1331 1108
517 1117 456
759 351 1659
303 1934 179
1101 231 1362
470 549 263
116 1713 1594
323 1989 814
1694 647 907
188 1764 1501
453 1538 1488
623 1422 1994
1127 59 469
1947 162 1940
1764 1858 231
1626 972 1564
683 721 1237
588 64 1400
1361 1677 739
1638 404 57
878 1951 1126
458 1850 804
1743 4 1791
1421 97 959
597 406 1748
587 1737 569
1192 243 349
1839 1796 107
1518 1266 1760
34 1016 1320
1043 75 1413
154 996 488
1535 207 1571
434 697 1999
1570 1802 572
334 1966 756
1722 449 929
1182 776 618
1248 1657 1462
1948 92 315
270 492 926
454 1284 1607
1916 223 1582
104 1517 1558
1963 1226 1391
955 1211 807
551 1252 906
732 992 991
1580 1713 607
1070 497 8
611 1755 1291
1510 1760 1265
1734 421 226
225 1394 1685
664 1334 1186
1965 1664 1805
1831 542 615
1608 1721 244
510 1815 996
309 747 80
1300 33 359
975 868 1683
866 526 1680
1186 1579 808
1468 689 1034
386 1853 663
1220 114 942
942 1288 783
1175 432 506
156 109 1748
311 1074 1567
473 1108 1773
479 452 1166
1886 1722 684
498 1644 863
1914 1240 1333
561 681 580
1999 203 521
1056 76 1593
53 1501 741
746 1396 1565
744 1568 984
1 187 1146
962 694 2000
84 1691 87
1528 962 1107
1768 954 346
1707 157 1608
1662 736 853
1514 253 177
1410 417 36
1662 208 1705
165 143 525
1415 1519 1084
716 331 1117
795 368 592
466 1771 110
109 1625 485
330 244 303
1697 1693 1737
591 1738 1484
782 1432 1681
1946 1757 1661
955 261 566
963 1206 1552
632 1432 1328
1517 1876 198
964 440 76
901 1281 954
1439 1393 1110
1741 1305 1842
263 48 187
1411 218 253
662 353 185
1752 1754 664
560 1535 1491
1853 1091 202
696 826 1164
419 506 49
1492 257 1680
405 1720 257
1241 869 1050
1475 1309 4
450 1733 856
1771 1657 1262
1226 1767 1149
1806 420 953
1766 807 356
923 540 980
117 1616 1619
282 288 694
245 1337 1457
854 1264 749
1258 1540 1658
1672 521 44
1657 774 201
430 1224 701
48 1574 758
1325 69 843
1513 554 1534
1311 1862 1537
1665 1880 1492
273 873 665
1982 726 444
437 1666 1296
1495 1737 290
145 1237 1851
454 1920 282
800 131 459
514 939 1338
762 1632 1042
302 1215 251
1276 1815 491
1722 540 1892
826 1707 264
1727 1747 1964
741 1436 256
833 306 1943
487 833 1949
1938 1364 1088
1297 1325 562
220 1420 512
301 352 949
1346 1261 132
1690 722 1584
1968 1840 1495
715 1269 839
603 445 1350
883 1705 681
334 622 1183
687 425 256
1832 1462 1981
1647 1195 504
239 1250 111
1027 1294 636
320 1094 34
208 1785 1910
1045 1720 1733
1024 1603 209
1810 1441 199
1539 172 1155
720 36 131
157 552 372
332 1515 1941
1043 1512 1028
1506 816 1972
977 534 1033
212 1965 120
1337 1783 1512
1218 564 572
1488 1074 847
1786 1684 1099
960 928 1046
936 1933 257
888 1326 1206
673 765 1360
597 1277 1004
1195 1566 1577
1971 1357 1215
109 629 1341
834 110 895
270 175 1707
1076 957 1234
320 1538 1899
1134 1274 1674
594 1206 1636
911 1082 941
1711 1446 1401
1176 6 453
88 747 1332
386 1512 1659
208 739 1743
1737 1267 1692
1212 1325 246
602 1976 1733
1330 752 1682
1627 1722 293
187 1649 868
1680 143 1487
1949 173 1259
1926 802 448
1856 1412 251
872 1261 1697
1348 907 1842
116 1144 560
1101 1943 685
395 719 182
1173 1020 1289
1718 573 252
1350 1004 1480
676 1195 1351
1042 1405 231
1078 589 1160
155 1440 1813
755 1366 1856
1159 690 767
1083 1888 253
394 151 1987
158 440 369
1896 1929 1255
512 172 1569
1438 1287 1286
1498 649 422
1101 1677 782
83 892 288
1832 937 758
1074 542 769
65 87 1716
516 92 1983
289 646 271
1147 1698 1922
1938 581 885
649 1181 307
1643 1397 234
1480 51 938
1884 1944 1572
1035 785 809
383 1432 573
1184 1127 744
376 406 1205
978 1691 1516
283 1177 1091
724 176 813
1332 959 1001
1037 1428 1839
216 156 658
1663 297 493
1518 1653 795
1565 40 1535
1209 69 892
1462 1644 1885
175 1647 1357
1720 1126 872
188 1068 1056
1279 1096 592
616 1966 156
1664 1386 283
330 977 901
3 1534 752
1796 237 381
1328 1303 189
1179 746 1484
116 298 706
1859 99 1899
1304 1116 1322
109 1638 253
566 1624 1512
964 220 1152
476 854 1630
718 1560 128
884 1491 1422
329 1815 566
509 1297 1402
216 212 790
1004 289 1310
1537 969 929
1371 1539 1312
912 1068 953
859 1493 13
1020 1336 568
775 788 952
1011 34 720
1420 1043 1871
247 930 1534
363 743 1009
365 1558 1300
480 969 463
1075 1490 1507
867 1551 675
1500 881 513
136 1374 20
1468 1206 697
605 35 119
1994 481 336
987 1207 1265
1304 1128 304
263 850 1446
469 1466 681
1725 1849 1354
1442 385 439
687 1400 1181
604 1555 965
1735 1602 1150
416 1285 232
1149 674 1124
1578 1173 163
65 770 238
1816 993 808
1533 1294 1299
732 1579 496
31 99 1291
877 1765 961
1926 480 1786
112 1994 315
1213 1939 449
1003 1001 734
1124 760 1195
1124 442 1584
1388 1398 823
1942 1089 784
982 995 649
886 1577 421
1529 756 220
1788 596 972
278 693 170
1998 62 1184
1933 333 1122
511 609 1718
1659 426 1239
1316 674 1060
1191 1589 1928
1070 1860 631
1689 1515 1219
316 1948 308
1187 870 235
393 1543 1587
301 1728 1260
966 1327 1540
245 1842 655
1701 1100 1754
534 1734 1712
1800 59 919
751 286 1880
1510 1005 643
565 1476 1321
916 771 1281
1303 1058 678
158 1262 1488
1660 570 99
144 746 1242
569 1823 1525
341 574 822
834 922 1300
1352 195 62
1149 1419 212
1375 1210 1191
248 472 1611
465 1535 152
165 1007 982
838 267 282
391 740 198
803 1044 585
1731 724 11
1470 315 1347
1707 1651 35
1788 1408 497
467 747 1074
411 1706 1757
1476 508 1175
1866 78 660
1061 1003 1219
1948 1602 25
1467 54 1552
1315 1696 973
440 1089 967
1507 1807 248
1287 1740 1358
1801 1920 1881
1450 1 1766
1438 471 329
1387 33 247
219 1567 1964
1772 664 141
349 1536 1945
1833 1859 886
1884 871 483
1496 928 1024
900 1125 406
1584 1090 1241
444 1841 267
483 873 434
139 1193 1667
1391 1504 1166
1436 684 427
1162 123 1780
737 208 991
1872 1492 1991
158 1693 1998
1627 190 1833
1247 543 1671
1705 402 334
814 1467 952
1887 1789 112
98 63 1698
1228 1726 1933
1573 748 1756
772 683 938
524 635 376
527 1382 126
1174 1318 637
1496 1169 650
284 1711 1393
1064 1483 833
1996 629 140
751 1909 631
872 135 43
911 1552 1588
153 1916 1776
694 1847 1560
1119 603 1340
1650 236 390
1712 1677 1773
299 1120 625
1541 1849 583
1145 707 981
1058 1762 1039
176 484 255
1182 1813 429
464 501 938
1262 499 1086
1000 1005 1953
1176 1536 268
327 401 1713
1459 210 6
1588 1156 1839
477 1157 908
468 1852 931
663 1579 1946
1907 1922 32
1212 735 1702
1361 410 107
1449 3 1797
1854 938 1145
1601 495 1571
1359 1481 361
1471 477 1258
870 520 474
1376 1905 183
1020 1739 1266
1992 839 126
602 230 144
258 1088 1470
1036 1373 509
1224 957 157
1351 94 630
47 333 519
324 940 1816
1011 1007 182
296 24 163
1705 1968 10
1920 1822 777
1769 218 1806
76 308 545
815 610 618
1743 1070 971
955 1174 1153
132 444 1030
1667 268 39
1627 1070 326
592 545 970
1891 1607 971
316 826 254
1563 332 883
795 1089 207
888 1424 785
1088 935 233
1206 378 1178
1504 1868 400
748 269 1040
495 683 504
173 1125 1683
318 272 1981
1198 1442 463
1637 684 1477
1676 1897 778
650 666 1352
922 1845 403
650 748 1147
1161 416 47
230 403 1215
1744 1795 1948
1689 625 1490
1967 1111 1087
1333 1315 499
575 280 282
130 1494 260
1528 40 1227
1026 1972 74
499 371 1269
272 1921 310
336 1403 1791
188 1403 1710
653 256 1000
305 1179 1329
1776 884 382
1545 1123 666
696 645 265
275 169 219
176 121 470
1457 770 1636
719 1743 681
229 1756 837
29 1323 1670
1537 1999 991
1200 1135 1072
1119 359 1232
1183 1021 418
1742 1043 1272
353 1357 372
1812 1583 1345
1480 255 1360
1119 1786 425
1864 1307 584
514 353 380
644 1541 1057
1774 1130 488
1293 1541 795
1068 1316 336
1515 1254 1896
468 1833 44
255 1949 867
1957 197 751
1921 1899 1328
1141 1472 1168
302 1777 843
1134 852 1157
3 1293 1286
1318 761 262
659 1621 739
157 1813 1550
68 354 1535
1455 770 1883
1154 645 1951
382 19 1695
947 1620 117
501 1171 837
893 524 872
234 49 822
1901 1239 1959
1212 213 258
401 1658 149
1169 1784 1242
1477 998 1153
1091 964 1829
532 1128 831
1433 1470 482
1406 1735 1655
942 203 1905
1252 918 1259
1308 1007 1637
1349 520 301
1356 1256 331
622 761 1255
47 1474 1010
808 1579 1066
1244 99 788
628 1367 1510
200 1181 1089
1954 653 1822
1170 1394 1106
1501 1204 1162
623 1553 1377
1418 1987 766
1823 1203 1813
97 1886 1268
755 1820 977
857 1731 912
1726 347 1101
1657 1749 1945
1268 541 471
1827 456 1577
55 1392 932
528 1615 1920
1375 1836 29
919 1439 1142
1341 689 849
1334 1762 1886
364 1136 1732
1918 1595 1529
724 63 423
816 1680 1391
427 1523 1296
1786 990 1367
1751 764 225
445 131 273
579 347 1190
1301 275 410
585 1457 111
585 1337 1331
442 167 1272
1426 1739 812
918 1700 1623
47 458 1084
1647 1165 1522
767 115 665
996 1461 124
1673 1996 893
1670 193 765
175 76 188
1438 1593 62
333 207 561
326 1759 1843
969 1520 1488
1778 853 1984
1222 462 1235
671 656 116
160 1813 37
1700 1533 1482
531 254 1372
250 1650 1959
116 525 713
1635 1733 920
1405 1495 59
55 775 1030
1756 102 1720
253 556 1786
1398 782 1596
1425 194 1999
1865 1940 1384
79 1711 1298
1164 1517 1938
254 837 423
60 139 1434
916 1914 933
1629 879 1747
493 500 737
137 77 1430
381 297 945
1215 365 1800
1304 668 757
602 1760 68
1836 698 1025
1953 1819 97
969 1217 1617
1556 239 1183
1946 1040 1940
802 1566 1519
498 1495 4
1732 64 139
963 1498 1766
1056 938 1020
1549 447 1304
1130 594 1998
722 1986 23
1732 736 1692
484 195 548
1403 364 1021
1881 496 140
1242 1571 1057
200 1566 1596
1648 1491 179
178 1026 1712
1617 240 981
1968 1933 493
429 1799 468
1902 1401 456
794 1708 1882
906 1917 1814
574 13 461
163 1182 1110
1407 965 1544
1722 1806 1157
109 690 977
377 1787 1905
1491 747 1322
1857 1537 1148
1916 1972 436
1521 1110 37
1637 970 1480
