4000 4000
938 118 2165
2237 3340 461
3311 2665 853
535 3966 1871
729 3189 3861
2313 1988 3204
2275 3977 1576
842 3677 3281
3021 1797 1409
3300 3230 1784
3296 2734 2024
3921 2706 3604
1474 205 1096
2596 498 1435
3229 3180 2221
3621 385 1502
1152 3705 100
3322 1969 2412
1256 2861 2731
1669 650 698
3674 1311 156
1208 2729 2274
2731 891 372
622 93 3690
978 2814 3702
2414 1693 2660
3613 3731 3629
1788 3869 3083
3180 938 2413
3250 1569 1370
1159 2809 3486
38 3304 1718
3106 3150 2180
1509 2859 466
3867 434 1674
698 2609 891
3868 26 1142
1051 2185 3499
49 2532 3455
3048 502 666
3803 1549 2751
1448 379 522
2629 3743 651
2851 3691 826
2164 1186 772
1763 2456 611
2874 3989 360
1079 1062 3104
3706 1451 2259
2373 1544 2816
741 1438 616
2153 2967 1757
869 70 1209
2992 1773 2429
2492 681 3177
2246 3494 494
3037 1388 545
1568 1398 1220
1041 659 471
1251 3256 1710
3134 3077 2777
2827 166 3565
849 1436 3856
927 2532 1953
480 302 2699
3409 3853 2960
2448 1468 2882
989 2661 654
3535 2796 1413
186 1255 1205
3559 2904 542
1925 3547 1659
1570 271 1854
3798 492 1520
3999 823 1162
3310 350 3936
1181 150 390
2776 3101 3915
565 2778 2566
2732 3093 1139
3766 1238 1347
2200 801 2411
2934 3526 878
3183 3454 2573
1959 1967 3404
1615 97 2849
1376 2133 1017
3291 2374 3567
1511 3111 2411
1659 712 2918
2824 3862 2177
234 1745 3725
1731 1878 3997
668 728 1339
3197 227 3346
1844 3304 3204
789 362 1420
217 1904 17
3485 1265 2064
1287 3611 1893
2159 1690 1590
697 188 3542
1206 3059 3373
23 1397 2887
871 2435 2753
2159 2574 368
2665 225 3949
2387 989 3731
355 469 395
412 1555 2723
3287 881 185
335 3653 2930
3341 2871 1478
88 1203 3238
2852 137 1244
2068 1277 484
1872 1209 2552
3527 313 3223
468 1430 2563
3174 2060 1951
3618 975 222
595 3545 200
3497 1827 2661
3584 397 3469
3602 1787 3262
3441 3067 2936
1358 1084 1509
2471 3408 2860
2497 369 2857
2386 3869 2463
2364 105 1859
3791 603 184
3891 3574 2082
3328 3900 1828
1703 75 1012
2856 599 1374
1584 1807 2948
3585 2043 2463
156 199 1676
3678 304 2321
3124 2883 1244
3370 757 922
1285 3492 1579
2793 1429 3152
1174 810 175
3173 1779 2062
326 3130 2062
2918 2907 2656
3951 749 3988
1441 3098 2061
1853 2801 3103
1700 3947 581
2761 2351 1450
1521 2109 1428
2716 2161 3397
3908 2763 192
676 1440 1580
1791 3149 808
2150 2856 2470
513 1655 1693
2182 2478 1392
3043 14 3705
425 2801 1863
1540 2640 1069
3127 2302 2681
2270 1951 1787
1315 3410 2485
1929 3552 3210
2781 416 280
3798 1135 1208
253 2803 3534
2501 540 2593
252 119 3982
3915 1806 418
547 2480 67
2009 3004 3373
3821 3505 1912
873 277 2241
998 2606 3743
1359 3936 1578
2351 537 2098
3699 116 2179
468 3925 907
146 3453 1809
344 420 3800
701 1780 2736
1130 653 1952
192 935 1038
2879 1444 1934
3443 465 1331
3065 3195 2232
3363 1749 243
3532 2911 1407
42 968 240
2118 787 3956
1904 1967 2685
749 183 3342
1607 3846 2396
411 2851 1783
2472 3741 34
3079 869 836
768 612 772
77 2750 427
3832 1626 3867
1551 366 2672
2152 2042 2350
204 516 2295
3756 1082 2787
2568 1403 2018
2606 680 1151
3721 3759 1218
427 3787 2358
408 2442 3811
666 3553 3554
1468 3856 3534
1136 601 1637
1766 1964 2858
1520 3168 3782
3101 3622 2012
850 1239 1795
884 1370 3128
87 1313 2039
2484 2211 2793
1758 2711 3111
98 1986 3859
3912 1768 3136
879 2745 1439
2572 2815 535
2473 1492 3726
841 1632 2016
3957 2819 1839
3217 1303 1211
3398 194 2132
1221 2202 889
3323 844 2409
2900 2292 1003
1423 3877 2379
3162 640 2715
2418 3969 454
2169 3574 3754
585 406 2219
715 2953 3298
420 1471 3582
3606 98 3538
1908 3118 299
807 463 3688
699 330 2051
1989 1629 3673
2607 1201 1908
490 1232 1118
218 3601 872
1778 1630 1449
2490 1217 568
1820 3206 3395
2885 2024 3625
2751 272 3780
544 1498 502
1922 3029 791
3130 388 499
2894 3411 2351
3849 3098 2699
726 3376 3194
3340 1877 1474
880 1187 1297
1977 2869 2654
3222 2910 1063
1579 602 2068
950 1644 2495
1157 1783 325
3749 2546 3349
1235 1837 1808
3010 2731 1078
354 1334 3417
2070 2541 3447
1153 2388 1080
2776 1982 1421
3521 1067 1271
1519 2980 1124
3549 445 1035
2552 2559 3233
1251 1969 187
2392 262 2409
2431 690 2925
586 3374 3978
2379 3115 3492
1633 22 2630
2268 186 3734
89 312 3023
2301 44 538
2144 1605 3611
769 3812 213
890 194 855
1194 2495 3069
1275 3344 1027
1625 3649 2737
1806 2332 3464
3490 2100 3221
3442 376 3459
781 1104 2455
401 737 2451
2 1701 1226
871 1770 1360
866 1098 3509
3540 3571 3213
994 3696 3439
3133 465 1123
795 2320 850
2603 2906 582
1378 877 1701
2576 1387 3086
1159 3581 911
3003 1234 1966
2302 3337 2552
2452 2353 319
3146 3580 3775
3912 1892 2862
3859 421 3955
2008 3447 3187
508 3879 115
767 1432 1502
2752 2573 713
2495 1114 259
1206 3571 1228
3722 2374 2406
1541 55 2376
1215 1897 847
1439 2468 1997
3440 2671 1481
2002 1769 3811
3203 539 3873
1911 3097 2802
505 964 3647
1396 2940 2493
1484 531 3382
3834 2606 186
1386 3350 2317
767 1755 2871
2286 2340 3696
3689 2596 3706
970 404 3726
3750 246 2863
3679 236 2448
3619 2883 567
2401 3436 349
3321 2542 3293
1445 2021 372
1974 418 3122
3952 2137 431
2472 648 1060
1526 3239 2575
869 1299 3532
2664 2268 2533
3858 1081 413
756 3061 2352
485 3729 2304
3872 66 246
142 2974 3096
2264 1928 268
3682 1952 1942
2196 2631 587
72 2112 1607
919 3034 1520
1801 2852 2753
167 96 2887
633 280 3449
3570 580 114
1279 3810 1627
2184 2257 506
199 1144 510
2957 3183 413
1708 2913 2855
854 2598 2514
540 2539 2828
1017 920 2308
1826 2177 2880
3941 1314 3747
714 3575 2613
2575 2018 1400
2182 2539 111
589 558 2045
3669 3143 1742
1206 3556 3064
3689 511 3528
3253 3141 3765
1988 1877 497
2633 1484 3632
2692 3988 1851
3496 1214 2605
1845 2870 90
1525 3923 1956
2020 1033 655
767 2954 325
576 3630 3921
3452 2400 1428
607 3139 2433
3818 2429 2059
540 1534 3722
3971 1291 3199
1223 2667 2524
3840 1952 1896
187 3280 3522
2187 2198 2171
2983 3574 107
3823 3405 1489
3198 1906 3255
3236 511 2412
690 577 1237
1335 3364 2653
3004 2512 2664
1315 2081 568
3774 3188 1646
3671 2809 2565
1280 1237 3055
3074 3976 2586
657 3888 2707
3435 1897 1658
2690 2915 3801
51 441 1541
1635 674 1935
3357 3170 1336
2048 2073 3290
107 567 3940
2366 2022 174
2490 3473 1127
2113 2704 3746
3922 232 597
483 270 3021
611 768 2857
1492 3760 2590
3349 872 3729
1951 164 2589
1766 3427 2967
637 3057 1254
999 70 1053
1296 1404 3604
3425 133 1932
1386 2707 3871
3081 3332 3977
1661 3105 410
3198 2152 3527
3840 3714 3393
2936 2362 1494
1487 56 3719
120 180 708
2164 383 3184
1234 2412 1062
2807 376 2717
1779 1002 3540
3085 2803 1829
1723 3650 2340
1382 1483 2465
1484 638 826
1121 1162 2027
1091 3358 2485
1603 2202 889
2773 3477 1091
2763 3610 3
3498 3829 1494
2718 2412 2320
1598 3949 2585
1107 734 3197
87 3141 913
554 2097 774
1448 2561 424
3024 3233 2777
351 2813 3606
832 3106 3718
309 792 886
2323 156 3539
1015 2741 3658
2450 3017 835
810 1451 2568
3737 3774 3869
744 1913 1507
2766 288 899
3059 1001 284
2956 2261 1685
333 1255 2081
1633 2923 653
3470 2843 2543
46 115 2812
3224 3373 869
2115 1814 1166
518 690 3524
1236 2842 3942
3328 105 1038
3826 288 2543
2199 1923 29
1602 610 1664
3093 1604 3181
621 1709 1587
1609 3789 267
332 3137 1558
1586 508 3944
2869 1636 666
3699 1183 3983
3758 2192 545
2309 2379 2706
478 3612 3863
3013 544 1302
992 1710 318
1 3832 2476
3684 375 3767
2638 971 3917
790 1710 3016
751 2608 2284
372 778 999
438 1785 3729
176 3044 2780
261 3530 1110
2350 3033 3452
525 3836 1226
369 29 2221
444 3829 2687
3302 1362 218
328 1871 3137
3164 2097 1078
1354 1686 2562
2605 2077 1040
930 1675 1376
478 729 780
3417 836 3092
3428 2700 2224
3674 1821 2774
1535 900 3838
968 355 2842
2200 2606 1013
267 876 1056
2619 24 2824
3255 1285 2815
1426 2456 336
2543 766 1424
3173 3673 1716
378 3833 2666
259 2085 1085
2484 452 3712
308 1820 405
3470 435 3072
3119 752 2100
3932 2230 3652
2569 1560 1358
1774 2229 1538
1612 1924 2778
532 209 821
2099 2710 3302
956 3408 476
2543 675 3850
5 1460 1966
1850 3613 3156
2269 964 3842
1415 1634 3033
2412 1822 1793
2588 2488 202
3177 3167 196
3115 3914 1155
2650 2848 90
1583 203 1905
2686 390 3162
3530 1050 3182
3315 1155 827
2999 1630 154
1441 2925 963
1842 418 1713
667 477 2250
1502 2747 2658
1440 3 2936
1886 3379 2576
3768 1499 887
1108 1197 3790
851 1114 364
1116 2989 1336
2715 3584 3635
2442 1225 3238
2696 1882 2974
3692 253 2202
2688 1187 3146
224 2252 3231
869 817 859
3882 178 3268
1258 2251 3166
2711 2798 3357
2839 2964 1620
2054 2216 1463
3891 555 2901
2750 576 9
619 1470 1448
1860 2808 1982
1202 3652 1587
1744 3122 2371
3439 3231 1046
2696 1867 21
3405 1058 333
3547 2225 731
574 1595 2070
103 477 3631
3700 1489 3755
3009 3818 2489
1720 3827 836
3896 2082 1046
2936 463 1088
1111 2744 1794
3571 815 3158
492 1561 119
2295 2335 1338
2681 2157 3609
632 3901 1643
3053 2712 1456
1428 514 2230
2783 2111 3263
273 3460 3595
3371 2920 2134
1927 1909 3650
3623 3216 3988
1550 339 1510
2725 1847 1785
1537 2243 3465
3785 2018 2260
625 67 907
2438 2629 1672
3861 1125 1055
2952 232 81
1915 1524 2640
812 2796 1105
2834 3663 1674
73 907 305
1929 1751 1735
538 3301 2940
302 3098 52
874 3381 1105
2321 1929 3097
9 2304 1544
1455 1005 887
217 1892 390
3889 1584 2599
477 2802 1338
493 3602 3346
3840 3157 1828
2296 3875 1380
2172 2564 2601
2040 3908 210
1429 2295 979
2555 2593 1509
1292 1317 2685
223 3698 1382
1584 2065 2936
661 1151 2754
718 855 1747
2280 3894 2081
2427 3616 2294
2388 3438 3405
3809 1512 1472
2430 1530 3321
616 743 1812
3596 2871 2309
2584 2474 3531
3525 3837 3697
2873 62 3934
3131 1677 1686
3638 1339 1353
2606 2021 2217
3995 932 1139
3514 2790 3656
2199 2770 1509
977 3445 1974
1531 804 3211
2121 3136 1948
3212 2397 687
1921 2357 860
2499 3254 2459
2950 400 3964
227 1500 1009
737 2774 3278
2378 2214 3363
3889 2151 3258
491 2829 1261
3644 2737 3241
2748 1974 222
3572 2678 1750
1209 2803 168
1808 2749 1240
983 331 3155
1920 1090 564
291 3609 2354
801 2715 1626
2416 3472 3737
427 3230 3675
2302 1617 2570
1799 3397 3331
1928 3166 3876
2827 3645 570
956 1833 2818
926 3927 98
17 2854 2541
599 1469 1438
1270 893 2599
2185 709 120
1792 66 2591
887 3574 1816
113 3222 2606
1302 959 3859
3581 2996 782
3830 3740 2187
1383 2808 2611
2012 1637 2593
2535 185 1271
389 2631 1714
3121 2609 460
2708 2517 939
193 349 3279
226 3779 800
2732 1096 3307
486 164 292
2360 1644 3902
3342 1136 1412
1768 3156 1545
3600 3221 3810
929 3772 828
570 2067 3727
3603 2564 2167
1913 2526 101
2071 1008 874
1669 3372 185
11 1765 1990
3699 2393 633
3864 1138 3818
3939 2543 2730
3202 1839 69
575 1047 3606
1223 1383 1829
1862 1196 589
1912 1447 1958
2832 1978 628
721 3463 3780
1578 1691 255
363 3692 3939
3224 2322 591
2979 1338 804
2676 3840 543
3348 2727 3736
1558 846 1926
3117 1137 1217
2390 543 559
626 3923 2178
3240 1540 3453
2509 534 3148
2901 1219 3982
1101 1825 1195
362 6 2807
2555 3375 3
2857 439 3295
2235 737 3676
2586 603 1328
3068 3820 2425
1965 429 319
370 3762 2184
1964 2067 2678
1158 213 3272
1345 354 984
2941 602 2998
1094 2855 3319
3885 459 3446
3306 1233 2840
2137 2066 2602
2651 960 225
1281 1252 3998
3053 2819 2047
1982 2125 1177
2721 1042 2943
1602 1492 2310
989 3292 2746
3593 2755 2522
66 1875 1406
3596 3841 1225
2838 1033 1527
1345 2200 2116
408 135 3138
81 3846 2617
702 999 3291
2015 335 3194
1474 1572 3898
2566 3345 1383
2783 2642 1787
407 3077 3092
2943 3532 2970
1609 2514 3882
2189 678 3924
1791 525 1720
2219 1582 40
2071 1479 237
322 2762 908
2698 1032 3908
292 918 3902
3505 746 1039
2188 1347 1947
3303 286 2261
2002 3515 2707
3584 2347 2518
2333 2507 388
1648 3687 1148
2525 3359 2693
1344 861 1221
1961 3144 2620
3802 1306 978
1023 1724 338
2909 3857 1986
2964 3107 3391
3305 2319 3730
2045 3797 2105
1503 3544 2074
3082 2738 1773
3389 77 2022
2858 908 2263
3303 26 3856
2643 1171 1508
591 549 3498
1629 104 3115
411 1090 3399
2169 3906 3619
935 3258 3046
1871 3320 307
1478 3141 3192
1754 1981 3786
3707 3593 3324
386 1466 790
1412 2884 845
3764 1523 3118
1216 660 2840
2549 3315 3049
3945 3587 2298
3860 3510 1457
1492 2370 1076
1628 2083 1496
2824 1040 530
2485 1314 455
2423 1059 1056
2882 672 1220
1054 3656 656
2075 2647 1854
1142 3261 3909
1903 3773 3571
3312 1749 1208
1086 2590 370
2149 2477 1553
2430 1780 1333
1436 2262 953
499 3802 3613
3592 2097 220
2028 8 2905
265 626 498
3168 2561 1940
1702 2338 2130
3178 3315 2645
1082 1813 2427
2917 2273 148
1082 1691 3619
678 298 1622
448 2876 1226
1167 3735 3658
2393 385 1559
2657 1296 3238
2819 679 1402
1208 189 678
3871 2193 1085
3950 1251 2134
2342 987 1021
1370 2461 3429
1075 1259 1631
2370 345 3286
3055 2110 4
1966 3144 3203
1219 2267 826
3913 307 1929
3501 143 2525
2129 1548 353
545 561 2730
3332 1536 1816
800 1282 3567
3110 3079 2644
2274 106 2543
973 1918 2348
1590 3427 2749
205 1570 2785
1775 3629 3376
2149 2449 811
1895 1487 84
1407 2623 1560
567 2210 3076
3584 3288 3866
3436 2793 1086
3250 2057 2608
1156 249 1643
2990 1727 1384
2238 3268 513
2792 912 3904
2947 116 588
1317 243 136
3638 1548 315
1284 2375 3794
1515 35 2330
911 1539 981
3585 1162 3078
2596 119 2223
869 1228 923
485 3162 2319
1123 1116 2450
1671 3395 669
1587 451 1188
3574 1502 543
1702 3189 369
1186 2588 1738
2553 1566 2868
2476 2972 2439
2450 935 3272
97 2480 453
481 837 2191
2867 3395 2175
1704 3164 323
3837 2572 2152
2001 1737 2065
2465 2611 2064
1545 1354 353
140 2468 853
3594 3936 2621
1892 135 2136
1558 1782 1660
2336 3994 340
606 288 1748
2448 2380 908
2390 1618 683
2102 1167 987
3164 2767 3051
1368 674 1702
3573 1759 1185
76 3659 2343
3229 89 3901
3849 2639 491
901 2850 2895
2786 3202 3074
2472 3533 428
2417 3353 3152
3394 2837 3430
163 727 1586
3488 201 342
2126 721 2638
1645 2512 2485
1841 3523 2873
3921 3116 2918
2981 1999 2181
3132 775 3301
1376 765 3291
2438 3435 2705
355 2577 1696
3037 1029 384
1851 161 845
1776 2790 3770
234 3052 235
3762 2922 1546
2752 3561 1963
3578 2399 1458
995 1740 1752
3208 1504 1509
3460 2479 2040
2381 1498 2960
1156 2384 2956
3607 2510 1308
2319 2626 814
3095 225 453
398 46 491
1502 415 2834
701 3150 803
879 3966 912
3174 2524 1267
1170 3874 2351
438 3633 2637
1184 3800 3511
2482 2608 1436
1964 257 1509
3586 717 1197
835 628 2841
3308 2644 1864
2928 2378 1778
3335 2192 1094
3679 1119 3349
1377 2194 2193
3483 1282 2525
2768 59 3129
2129 3958 822
3022 136 3615
2681 1995 477
839 3624 776
1933 180 3287
1734 208 3592
2025 1127 1278
901 2096 1014
3398 141 3723
3095 3457 2076
2798 493 3103
826 3141 2187
3442 1142 1519
3289 1182 1319
3890 573 269
709 608 1300
1401 3700 3329
2356 3048 1303
2851 2399 2858
2860 878 1217
2582 3478 1079
3736 2468 3320
1350 3996 1896
1068 2538 3593
3872 2529 1334
980 2705 1025
3601 1210 989
3289 1536 3218
3856 1977 3955
1739 2295 1350
3473 47 3697
1082 1527 488
69 2429 2767
249 2304 2345
2745 3049 768
1242 2684 692
3788 2913 665
2320 3507 532
1302 2020 1886
330 1714 1183
1360 2832 2074
3914 426 1665
478 184 324
2364 1987 2071
3341 2497 1125
3573 287 321
1095 3601 185
107 3055 2932
856 291 658
3612 2861 3950
2799 2340 1332
3101 197 1444
2377 2323 2280
632 3827 1512
3870 51 3886
3739 230 1451
248 3811 3579
3613 2493 1325
788 2332 3853
2029 3933 2944
2510 87 972
2895 2659 2460
3489 1599 2062
1548 2601 647
290 437 2761
482 2948 19
333 1454 3124
1781 3952 1985
1344 655 620
1791 1849 1294
2957 418 2258
3304 22 118
0 345 2047
3959 1397 34
3823 1649 3568
640 2495 3171
2069 390 498
841 866 3608
2544 1788 1023
2933 584 1785
3792 3653 2658
342 2089 1458
56 1656 2328
3958 2046 3638
2969 3971 3042
1274 1394 2013
402 2574 3248
1528 164 3197
2185 3240 2953
3171 3937 3855
2769 1577 3158
3718 25 1436
2948 2397 2016
735 950 2032
355 1862 3793
3652 1179 692
3145 3195 313
2102 3403 2065
2351 3954 333
1402 66 2491
1783 3923 2695
1330 624 3356
2254 1005 2581
2144 635 1042
3525 882 1907
1591 2940 3852
1289 2265 3661
405 2317 3526
1445 867 3070
3383 2840 2160
3866 3450 2766
1466 1229 2817
2431 3237 417
282 1301 1958
1783 2896 3185
2352 2651 3730
2948 2723 3033
2875 27 3226
1651 3046 378
2302 2146 2659
138 437 3969
188 797 100
3656 1792 3966
2960 3896 162
3979 2127 2183
3852 1048 1591
2419 3244 1027
2909 1893 2370
3846 1976 2495
3523 2066 1575
2420 2625 494
662 2747 2491
3897 2318 2823
2189 3608 2634
3837 885 2410
880 2869 2941
3851 2840 3466
646 1973 216
1013 1696 2815
2948 3677 218
1296 1948 3714
1311 2336 877
2547 1373 3666
2220 2282 2557
2465 2498 1949
3549 1241 2877
3603 810 875
2099 1963 3508
2344 494 3562
3192 1877 351
2198 2918 3595
516 2467 572
1897 3957 35
1754 540 2758
661 219 272
1585 2912 2968
3126 1496 3972
3106 2530 3848
2694 3617 3119
3983 897 898
1629 3452 3743
2370 534 1138
939 626 1321
2100 732 1482
1357 2303 1028
1891 2445 490
85 1200 696
2511 1489 12
2675 601 3817
1603 1831 314
69 3518 1334
315 545 3740
1366 99 177
387 3407 2524
1716 3289 778
2006 2013 3970
646 3017 994
141 2821 3208
1943 3573 1518
2876 565 37
1406 2826 290
1573 2531 1961
1379 3515 2980
2005 3898 1511
3230 1765 2926
490 1877 1044
1988 3402 3434
944 2873 575
2722 1709 2755
192 2609 2798
404 1167 195
9 951 2113
2172 1004 129
129 170 2767
1804 1926 3506
368 1258 2097
3360 3702 2853
1336 3475 118
19 1777 1216
1501 3781 1225
3034 2298 662
2956 723 2760
3383 2448 2652
2448 2355 3695
3578 170 1870
3002 3470 2214
140 1845 426
3673 1073 2105
2437 2786 1042
3983 2196 3641
643 2580 1254
245 230 2885
3879 3158 2704
1821 2633 493
580 1105 153
2995 3608 3669
495 3570 3384
3316 3279 1485
1619 2431 1478
405 612 1545
3001 2638 1442
2834 2221 1121
2994 3170 1825
3607 3977 7
2439 2134 3781
25 1248 937
1292 1024 1198
1418 3031 798
1445 1522 1687
1771 2024 290
920 2062 1317
865 1030 1557
241 2030 395
2954 1445 2502
956 180 2658
1376 3859 1836
620 869 207
1441 2680 1507
2820 1112 3632
2397 1630 1485
3633 376 3121
3895 3455 1935
3797 1373 3384
31 2527 142
3048 2936 320
30 1947 3918
106 291 1789
952 2024 901
2364 1529 2445
3752 3710 3288
2863 3004 2525
1998 2894 3273
267 2893 810
2978 2156 3422
2822 1604 2457
2573 1584 2
1214 2858 1110
3063 3863 3782
3542 3174 2113
1677 3895 2261
3053 3075 576
2634 2530 364
2640 2891 3459
1555 1745 2402
196 3598 995
316 3031 794
2667 3389 1376
3346 2586 2759
1708 1055 358
3155 349 2425
3272 1780 219
2437 2798 1221
585 2157 1666
3605 1876 2219
1000 2158 1456
3540 1824 2328
794 2863 2269
1437 3503 2899
65 2094 2941
963 614 1129
1204 846 1063
450 2752 2229
663 891 35
1309 3070 701
1610 1275 3752
294 1282 976
1883 1093 1926
301 3749 1363
2508 768 3851
343 720 290
1299 3050 1704
3091 18 3462
2965 2756 68
322 3540 3231
3236 2629 1757
2242 2401 3999
2226 1583 1942
3427 190 1983
1535 2610 3649
1157 1712 388
2753 3251 607
1687 3209 3789
1029 2084 719
3974 2814 1169
610 2960 3915
2051 224 2513
436 849 1058
2114 232 3973
1623 3238 1477
3222 1122 3484
3892 2340 3944
1289 2658 1515
519 1943 1548
388 3561 472
3436 738 150
2960 3793 1528
3540 2841 301
3659 551 3092
2444 1169 3623
781 737 387
3232 3971 3494
2477 2459 2441
2166 379 3837
1006 1988 1629
3264 3244 2435
1051 2681 314
1991 584 1927
1825 1005 2776
1966 2074 3439
1617 1028 2517
799 482 1845
1339 3918 2692
674 1504 2548
1435 2485 3107
3227 1875 2183
3722 2516 3646
157 1106 373
3096 3654 1568
1045 9 1219
1168 90 3179
2551 976 2070
1866 2309 2548
1258 1526 3336
2643 1268 2848
2176 2845 1645
2490 3609 1832
2499 2201 2707
502 3539 1923
3967 2362 668
1931 2090 328
26 3788 2393
3436 2298 464
3131 2805 3905
2610 50 3033
1137 3898 2942
3525 1064 3315
2913 1487 1172
684 3553 2603
3815 3635 2887
3601 796 3660
2857 1410 1033
1332 616 2750
1675 2860 655
2286 424 1706
3411 727 3221
1594 2703 3095
1063 79 1540
2469 3468 69
213 2166 3752
3468 1419 1131
4 1190 2944
2853 3320 1648
773 3663 3806
2187 3880 3859
1002 543 3013
3144 3149 640
3183 1736 1380
2240 64 670
1916 1061 508
763 2867 1653
2334 2810 924
3899 3606 3143
3217 2979 251
3309 3220 1307
2760 28 1310
32 1815 928
1538 1005 3776
1718 2700 3795
2836 1768 1342
2773 3263 1576
3543 3617 1691
3585 207 1599
2336 995 429
2573 2608 221
3035 660 1545
596 1709 3505
564 3664 3991
1260 1758 1564
1717 1859 169
713 3299 325
322 2341 985
1907 142 2834
3480 3615 2161
3946 2106 2924
519 320 1769
2740 2833 3122
1555 3653 244
2300 1455 1135
1027 1343 556
1963 2822 3138
2274 3108 3882
1055 254 3460
426 2358 3816
442 2726 38
2463 3854 3205
506 2420 3732
1967 1715 3211
30 1731 3352
2881 1887 2760
3914 3715 17
1920 3591 3656
1142 562 2962
3871 858 2199
3567 1010 3486
2785 3960 319
2903 3158 3711
2622 1647 3294
2318 2619 2896
2286 1154 3149
2052 3593 1899
1125 272 666
967 3203 910
1752 2261 1720
2129 3988 1969
1072 253 1843
2614 2070 690
2243 522 70
2346 2837 3709
2195 2370 3151
3066 910 283
1136 3208 3712
32 1742 859
670 2800 1825
422 3298 2290
1254 2151 1131
463 1835 2035
2649 1547 436
2038 3200 1421
3161 1276 729
2187 2476 2189
55 594 118
3904 1348 1997
3659 3430 711
3901 3304 1436
1888 2708 1298
1489 2444 845
1535 1991 2535
2935 998 589
1025 2244 2030
2887 3241 1127
502 2918 2481
964 3614 3717
1547 2542 1221
1101 3526 1778
1451 3020 395
3679 3254 628
3381 480 1253
1677 3107 275
1993 945 503
4 2426 1321
2411 3064 1803
1262 1202 1515
506 2121 2069
2748 3848 2150
17 949 94
3124 1315 2920
136 2865 1023
2342 3496 2275
2565 3199 1321
2975 3289 1229
298 3592 243
510 2076 2676
452 88 2210
2834 3625 1050
628 1679 3013
1680 1324 2842
809 205 3931
3732 406 405
2682 1641 2033
3196 3729 308
2247 2514 1701
3669 2340 3983
300 1036 941
631 486 203
766 1986 3834
1782 1608 3454
3780 1899 2703
2903 3514 2483
1979 3551 3328
756 1032 2285
1463 667 1938
2576 210 2607
781 1955 304
397 3266 3098
533 3056 261
3102 204 1856
1268 1565 732
1692 665 2757
1620 2075 2685
2353 1594 2728
3933 2920 316
1919 1306 49
1398 1661 2032
161 3001 3262
891 1421 3576
2542 2761 1655
1752 614 2801
2986 2357 1792
3162 2334 716
1892 1648 892
638 3085 2767
733 3259 1524
949 3328 3970
625 1948 3584
3604 1751 3661
1243 3246 2623
3851 3462 42
1048 1400 29
1149 2545 2268
573 2650 3599
3402 1966 3283
99 556 2069
390 1270 1153
907 1594 3190
1848 3877 1046
3658 1356 1131
1776 3199 2799
182 2757 2014
1707 570 1793
2438 3011 2761
58 2557 3114
1603 3851 2582
2322 451 2226
139 2720 2022
3481 2096 298
222 1813 1116
2486 988 2881
1743 421 2004
3408 2177 3615
1055 3849 13
2884 2633 3532
3770 1928 584
511 3965 298
2634 3069 1305
2730 2284 2271
1385 417 738
592 3376 2999
3082 2476 916
1775 3049 269
2056 1178 3205
1573 3730 2138
2347 3910 3737
2632 1917 2406
2147 3835 1341
2833 1001 96
3009 2802 12
1439 3439 1556
969 3059 1992
444 240 227
2668 272 435
3751 2334 322
3445 2262 2915
704 2078 2325
2760 1727 1436
1917 822 3318
1939 162 850
3475 812 3204
442 620 3515
2563 970 1161
2386 2706 1130
2749 2049 3419
2440 1052 1323
2134 2328 2808
2711 2084 2243
1431 2847 258
3687 1034 3076
511 1985 167
3226 1100 1310
2076 1246 3549
1764 2778 670
2292 2772 2324
3939 2701 1125
2465 3918 1070
1250 3522 3400
2024 2840 382
3198 2233 1003
1890 930 2458
281 1213 1408
1120 58 589
451 3196 2866
3109 843 3100
61 287 889
702 1329 2872
2184 1108 2594
267 1148 3642
1035 1440 3842
3023 3661 179
1114 1067 961
624 1457 840
385 3246 239
3293 380 319
3308 150 168
3494 3689 1502
356 811 2168
300 969 1941
3118 2717 514
442 3970 907
1307 1315 1601
3320 1474 1564
1472 3316 3199
3115 2046 3530
627 2187 648
2259 450 98
2274 3867 1605
1062 2695 2748
723 568 3497
931 2668 403
1840 1048 1975
3842 1069 744
3282 3224 3558
2086 3745 2102
3133 2582 2885
97 1577 233
551 387 3821
889 596 584
1504 2600 3320
2393 1500 3525
1758 1709 2026
3898 3036 691
3282 957 1139
1920 3000 3863
2226 1312 3263
234 1034 3416
556 2259 376
1492 3053 1057
980 731 3305
1775 2050 1187
402 3550 2522
888 341 672
3415 3354 1096
3641 2434 2805
2637 1368 1482
1855 1223 2136
2803 456 1914
375 2191 3638
1062 1486 3944
1599 2010 3501
3784 115 3895
1341 3584 732
2946 996 2963
1213 1525 1007
1233 3699 1429
1237 2581 1847
1686 3444 3475
460 1936 3697
3301 2310 2780
435 722 987
414 189 3538
3043 1656 135
47 870 3558
463 1926 871
3935 916 646
627 1903 2561
219 67 2256
2132 795 210
3252 843 1554
3049 3854 2292
3078 1714 1475
1178 1721 1983
2924 283 2441
2668 819 451
2883 2809 3418
3280 1649 3143
3050 1059 1975
3014 1095 1131
2366 3948 1591
2245 1147 1583
8 3613 502
3449 1630 1628
3131 3432 3765
1370 3895 115
3379 3700 350
2458 3166 3876
3957 2880 2718
2157 2501 660
3566 2483 3472
51 1694 237
3498 802 2711
323 2547 700
3618 2607 3706
3008 3388 2715
448 1725 3175
2568 3783 3268
1630 1345 32
3934 912 2668
122 1066 3956
3961 2958 3293
1894 3310 450
3832 868 3352
418 1274 2108
3854 3573 3892
1488 2318 3387
3004 1588 3302
52 3032 2396
2615 1617 2551
2486 3197 748
2169 3090 362
3256 3949 2786
2324 2644 3231
3841 1108 1885
1711 3086 2384
900 897 1573
447 3929 2931
3423 1595 1008
3000 1207 1321
1848 808 475
3544 2867 953
1116 770 1111
926 1057 1185
1681 3573 3451
2986 3437 859
1033 184 2634
3680 10 2012
3529 3125 2591
3673 1154 62
1273 831 2113
3410 2334 2397
1412 1676 242
2701 202 279
824 3908 3251
1305 732 1072
3196 2833 3711
1477 3801 2256
2038 1693 3625
1122 1769 3383
3254 1315 2269
3856 1317 708
3798 2856 2513
2983 48 2198
860 1651 703
3281 3176 2488
481 2367 133
2173 2307 182
3854 438 1838
2901 477 420
3848 1250 1538
1542 972 922
1069 153 577
3179 3594 600
3993 979 1169
779 718 556
2440 3889 3811
3133 1174 2854
3597 2988 1164
3814 2002 2401
3528 1275 1519
3893 65 3242
2619 2428 2359
2850 122 1216
757 694 3105
2239 2051 3548
2496 3200 2633
954 2467 477
2128 3987 2161
3578 390 812
720 1235 1251
2263 2274 2064
3949 2967 827
2560 2678 1683
3249 1451 1610
2518 2645 3
2524 114 3928
1530 261 1640
3041 3169 1655
622 2955 1065
770 2735 370
1328 1103 264
2354 1797 2776
3269 2915 716
1215 2347 2343
635 912 3104
3874 94 2184
1874 3867 3905
2928 2777 257
802 2281 577
192 3225 235
288 613 1611
1791 3956 1649
839 3764 1588
2059 467 283
2121 1879 1319
1480 3389 3045
3800 1188 2354
29 994 1165
2873 2962 2038
870 1180 447
3725 1254 2211
3746 761 519
1574 112 1331
3678 3509 1824
3349 996 662
2577 1045 3952
675 266 2768
2772 3924 764
2438 2933 241
1426 152 612
2038 1964 59
503 2483 268
2208 1903 2861
956 3072 2892
1922 3851 2833
704 3708 2459
111 826 3475
1789 2504 2664
2238 3052 3945
4 1040 2105
3311 12 488
193 1769 3983
3487 83 2961
2247 3119 195
1285 3571 1916
2412 2786 2090
1648 3720 2098
763 1547 692
1368 1676 675
665 2056 355
134 374 311
866 520 405
274 1047 1273
1056 1257 1067
2469 3886 2521
912 3624 1602
2631 2383 2
3713 1835 3480
1196 2006 3199
2170 3264 823
3392 2124 2983
2913 2853 312
1434 1446 222
1070 3848 2258
2710 2496 1732
2384 3147 2055
1179 670 3561
1637 2517 2089
2182 552 768
1402 386 746
3112 1449 1700
1379 2258 1632
432 468 3987
3485 1946 3608
2975 1116 428
3357 2823 912
3693 1526 3430
621 956 1945
1230 1155 3270
3876 1573 1283
898 2388 914
1790 3061 2929
3024 3804 839
1643 2056 735
1513 3911 3895
1196 2026 3539
1671 3374 3717
2735 967 439
632 3181 2824
2436 807 2602
52 3418 1855
3235 1702 626
509 3390 2903
106 2464 981
62 2872 3053
1594 3402 3299
530 3235 3270
229 1052 3288
1586 2937 1812
1797 1452 3099
882 2698 1352
1006 1879 607
1798 658 1236
876 1200 2615
2971 862 1620
2236 775 1956
1405 2972 2167
1674 3870 343
638 1090 3172
2894 249 1252
2295 821 3939
2155 1430 892
1682 672 213
3711 749 1917
694 408 2206
1592 2020 971
2357 3209 404
1378 1134 2812
2208 2318 2234
1391 2319 2807
3236 397 1734
908 2314 2454
2425 1884 1555
44 948 2183
1191 1408 3266
78 473 3448
232 1647 464
1068 1405 1228
3988 1530 3142
1923 602 622
1204 3824 3066
1986 2833 2571
3555 3692 633
2447 1017 1127
1416 237 2181
240 1440 2517
2878 407 969
133 2054 3535
2427 132 2498
1659 2523 2529
1795 805 3540
905 2263 1089
44 270 528
332 2821 1800
3282 1618 1733
1895 2352 2983
3441 3716 3124
3509 2623 2272
1742 1382 3401
302 2463 383
3436 573 3486
2923 3613 62
2811 85 1298
103 1766 3233
2192 113 1204
1166 764 2553
3486 1790 1304
1545 2445 1055
2325 3964 2293
1940 2854 3243
1726 3745 1334
2369 1321 3211
2064 3123 246
2383 553 1307
3025 195 2954
2685 244 467
1047 1255 949
2966 272 3394
1593 3160 559
3953 1896 999
629 1636 2628
1271 3516 1354
3008 3941 143
3439 2807 1387
2763 2320 3147
2830 905 3960
790 1266 1382
1026 3362 3752
3425 1847 2221
2038 3904 2271
3725 1273 3965
975 1027 1574
792 58 3855
3968 396 2603
889 1875 3665
3569 2650 1480
3633 1570 1401
3387 3158 498
1326 3485 2070
3433 1226 3912
2684 3323 2830
3895 1877 2662
3732 518 1277
227 3399 2051
1939 586 3607
1157 2712 3322
3192 2292 2536
1057 2040 2783
3834 3718 3922
2154 3703 2037
2241 2533 1977
3981 660 1183
710 3638 1444
3194 2636 2560
2059 1229 2243
3828 2558 3194
318 859 1973
1573 2486 3293
2439 3435 2249
333 2017 3140
3437 2896 1022
2682 2624 1360
2708 1130 436
1588 2875 1016
2288 412 3095
3580 2767 3811
2667 3376 445
1694 621 1084
3610 344 1596
1266 3921 32
380 1690 138
921 1791 921
2924 244 167
493 3182 1939
1683 2982 628
1702 803 2434
2182 2266 86
1688 790 1722
858 1545 1824
2695 283 3995
3202 437 480
2649 1497 416
976 3712 206
2484 3132 253
3212 1242 1371
2948 2934 1959
443 1337 3395
2226 869 370
820 1216 52
1575 1728 1202
2360 3181 2714
3103 864 1072
655 1870 3533
1130 2478 1076
1415 3613 1238
1839 842 1911
2887 1876 2494
3695 3422 867
555 3965 3401
1155 2970 947
73 1895 2167
1997 1929 1165
2337 219 3921
410 209 3893
2535 2716 2615
1314 867 2948
3728 2223 3833
2065 2534 2462
471 422 3340
1117 3543 1616
3930 1808 3755
2379 1311 3647
1463 96 1071
3057 3174 241
2787 3452 2165
3968 3363 332
2599 3689 1528
3616 288 25
3437 2884 3586
2192 2918 732
1873 1030 1083
941 3311 612
1266 182 3113
389 3617 201
1673 2559 1976
1221 3810 1721
1640 3418 3432
3678 285 8
164 2101 1724
2720 3253 284
1763 594 517
55 3241 391
3636 2747 3172
3778 787 682
3497 2286 2643
3954 401 3921
1136 1131 3193
2535 3162 2909
3668 317 239
30 1592 3449
2392 347 3097
677 35 1004
1847 3180 3859
1911 1227 3642
2065 33 1409
3912 3346 108
3011 1411 3225
1296 3681 1001
687 680 988
2325 2372 3979
68 1532 2084
777 374 28
708 3142 2749
1182 3073 842
2138 1947 163
630 351 3182
649 98 2360
1940 1673 3302
3414 2370 1437
787 2465 3064
3936 277 312
2215 786 751
1935 3234 291
1717 2740 1567
253 969 1197
3686 3645 3608
2185 1868 3661
3360 1843 3765
1917 2360 1569
140 65 1280
2263 2832 986
2967 2452 3753
132 3270 895
3064 2375 1004
191 3544 2972
532 3261 1728
2240 888 3872
2409 991 1206
1729 2235 3696
1550 802 3507
1238 1264 2353
1503 2967 3365
1780 3765 78
3125 3557 2325
403 2381 3455
3838 266 1612
1934 981 1116
2674 1749 8
2309 1541 1956
3025 829 1482
2908 1579 2354
1039 739 2291
3724 3334 3350
3049 1373 528
3030 1576 306
284 2059 2236
2475 416 2761
2436 2864 1244
685 1437 13
2494 3943 3473
1498 2418 1069
3112 3759 3275
62 371 2175
2507 742 1809
3733 3696 1019
3935 2352 1292
421 2123 250
3743 3257 2074
2180 1082 1159
3195 3660 2489
2087 2367 2833
2501 1404 1638
3912 2933 3522
2475 3813 1658
257 1513 1370
3031 410 837
3792 3168 2636
2001 2307 2746
2979 987 1920
3716 2322 2750
1801 3920 1173
579 1405 3915
3002 3644 1099
1683 1989 2093
2301 2420 3546
3347 3792 3516
1411 1493 3006
2415 2890 2999
3562 2962 3640
1283 3386 3451
3611 2918 3985
3417 1881 2727
1430 1904 1390
2509 2455 2441
2943 3696 1574
878 3661 135
1704 3901 294
673 1352 1944
2774 810 52
3101 3289 3511
3895 2790 531
1430 2949 187
2214 2182 1713
2723 2989 1711
3851 1266 2280
3915 887 430
3245 3950 1484
41 2740 226
149 3254 2274
3882 115 2287
503 806 3648
2440 1239 2299
2741 3322 16
3676 926 337
3411 2717 2876
2168 1597 1482
493 3652 938
3390 3277 3958
632 3718 3589
3943 2628 3421
3565 2328 2253
3816 3278 2650
2672 2915 1861
606 3284 2271
3345 2853 772
689 3154 868
2053 2975 3048
1011 774 3460
2601 2937 1043
2375 2401 3898
2237 2853 302
3051 175 2887
1937 3173 3139
2275 71 3165
1343 3342 1898
465 909 2833
1091 3060 93
2672 1672 432
240 229 1774
249 413 841
816 1851 1804
2423 413 1339
922 3217 84
1111 1923 898
846 696 2321
869 2251 2448
2375 3164 2343
662 2374 444
3510 1810 733
1700 621 3411
775 3991 133
3296 813 1909
3854 1719 32
2739 3765 1686
703 1086 1205
3408 1853 649
692 1325 248
3062 1987 1643
3197 36 1704
801 3423 2383
1617 2178 956
2308 918 2040
2953 162 1283
2280 3556 991
2104 3001 2134
2633 3032 1409
3141 49 1700
614 417 3602
2774 1093 2534
1369 3342 2942
3490 218 15
2930 799 1101
59 1574 3000
2881 438 2488
1756 2655 2088
1386 3694 1114
203 2106 937
3352 1731 1089
3148 678 3949
750 512 2415
952 3844 1361
2633 203 3245
619 378 2698
2594 227 2613
2042 2601 3907
749 632 2271
1216 43 2607
397 1661 3037
1255 170 821
688 2215 1849
418 2152 1061
3679 1917 2404
3751 3764 192
1536 2311 1618
1770 326 682
2728 1589 3912
2026 3111 3796
3469 2758 2526
947 2484 2608
1914 286 2730
3782 812 3085
1842 243 3521
3408 1581 2833
2469 590 1074
203 3190 3406
472 3992 1237
3580 301 1467
2530 2923 762
3149 1598 3088
2323 751 1374
1344 2961 1638
3978 2561 724
693 3200 140
2359 824 2506
3607 1387 1056
2379 1465 3546
1142 3588 2794
1323 334 3188
3529 2416 1750
3691 2759 512
198 910 59
1983 988 3149
1815 49 594
3947 2936 3880
1043 2144 1462
2833 719 195
2289 303 2054
176 480 965
2649 1350 1453
2307 1730 1057
3376 2947 2671
3697 1548 3031
3260 1010 1340
1377 2936 2596
390 971 291
1238 3958 2801
792 2795 1312
2061 3882 2029
409 2193 487
909 9 1392
637 841 1187
3766 777 3013
3957 2542 1634
2669 139 2271
2866 251 1998
2181 3163 2514
1830 102 2195
2225 1315 89
3310 3521 3555
2248 1735 685
636 1028 3904
3942 1325 435
1552 2133 1673
3642 2344 2786
2239 260 1481
3317 738 313
2900 559 3848
1621 3511 1014
885 2872 3622
3199 122 3819
3648 1848 383
2809 312 2186
3335 3589 1157
2315 3815 3359
2731 2024 443
2162 1386 3111
2034 1614 3639
1850 572 999
196 2362 2227
434 2997 2759
3063 3622 1652
1104 1701 1415
2133 2458 746
2021 1322 1479
3842 455 2389
821 886 1427
2792 413 286
2302 3506 1449
2815 530 2021
3360 2181 389
1300 2926 3585
2592 2291 1079
3457 2406 3855
3936 1859 3864
368 969 1675
1648 3147 415
1817 3030 3189
3162 2551 1235
534 2644 2817
2462 3311 663
3442 1948 3784
20 3386 1008
739 1512 520
3284 1523 1257
1302 1000 935
1632 516 1210
2710 2114 2923
1386 740 2448
3455 1976 2417
3700 3820 3040
3749 1191 1261
3010 3747 1155
744 3125 3071
2078 1446 437
3656 3361 258
877 2318 3178
1678 1171 1285
504 1535 2610
1069 2483 1651
241 2429 339
2137 2439 1036
3755 1196 674
1297 514 1292
1697 2505 3007
722 599 515
144 1496 948
1456 2287 2526
3389 2404 2556
619 117 2089
1249 1187 204
1517 163 430
2097 1277 3827
3755 3436 3118
1555 991 3501
3261 1029 3479
1357 2487 3551
3941 3713 900
3137 2042 2227
978 2759 2025
1506 1250 14
391 401 3308
2620 681 1030
177 3838 1894
2375 3080 3774
574 730 2889
1043 3271 2114
2780 1002 85
90 3935 3950
2008 2023 953
2761 3033 782
1729 524 1150
773 3889 3208
376 2565 311
713 3254 1756
80 96 1658
2603 2223 3540
3562 1361 3071
3257 558 2338
1883 3602 2937
1718 2992 1803
2963 1116 1283
455 1828 1263
213 184 3835
3861 2651 2717
963 376 2582
739 2919 70
3363 1379 627
3085 2103 901
2990 1748 3291
745 3070 1521
1001 2899 221
400 510 2830
2608 3565 1228
3372 1244 1526
5 683 1221
1599 1403 1496
2648 660 3951
3387 240 1693
2443 1921 86
2271 1654 2895
147 192 1290
2009 1927 3933
1782 129 3099
815 1109 954
3220 3520 3407
2551 2260 486
1313 627 1928
500 1051 139
3974 746 3741
2893 1167 1363
2153 1545 930
2151 2451 2657
3317 585 1701
253 2855 3073
2651 1578 3874
3208 1287 2721
3253 2718 2378
2986 1450 649
2061 1305 2001
3284 1128 3800
335 521 3664
1558 2041 342
872 552 2692
3759 1296 2148
365 1625 849
2157 589 470
3481 1230 2941
3454 1280 408
3704 1496 2298
1020 878 2025
1012 1618 1126
1200 1613 423
3895 847 3085
504 3624 3663
1697 3466 620
3408 3417 2109
1661 2576 2221
1997 3167 2301
2788 1877 1379
1898 552 3301
816 1947 2788
2327 1216 3888
3832 2762 1068
789 1808 783
3284 3824 1587
2579 577 2648
2135 769 290
411 3587 296
126 2082 617
2203 286 1063
2881 3033 231
3715 2773 804
795 3531 3293
378 1952 2278
1768 174 1463
2615 1457 3505
3663 777 1111
3617 1622 3371
2459 3206 2775
742 651 1548
1949 68 3272
3024 846 2319
3028 3755 751
405 824 3061
3723 705 1338
252 2493 271
2507 2066 3792
647 3929 2334
1495 20 2308
1882 1000 949
423 1762 348
3085 1052 932
592 3311 3091
344 3075 3949
1674 3131 2699
3830 3904 3983
1317 1227 3017
3138 3661 1110
1338 700 2616
1138 2383 1675
3949 2966 1098
2089 1404 3965
2490 256 1261
830 3232 1691
3349 48 2047
3644 1581 981
1474 2620 2796
2686 311 1944
2608 2027 3884
89 3725 825
2985 1788 3177
2626 1789 2878
848 3635 2245
513 2511 604
3175 676 2372
2931 150 123
1465 804 772
1560 801 583
3545 3305 746
2952 287 3513
3940 2741 471
3527 447 3130
1133 550 831
1278 1041 3734
1815 2356 709
1695 2937 3178
3023 666 1854
2286 2151 1217
570 2612 1121
376 3548 45
3423 474 1739
121 2456 3797
288 3596 1956
1465 3367 655
2778 935 2646
3768 1696 3037
3766 1040 2446
644 773 538
3225 12 840
1957 89 2049
1584 2120 127
2890 1404 1837
2775 2028 660
1296 3461 2191
3071 1955 1483
1712 2394 3883
1058 899 1463
1492 1311 101
333 3169 775
1119 2091 57
499 2232 2639
315 1987 1102
3131 677 292
3533 3894 3067
3706 2852 3125
3152 1390 3696
2129 3180 498
1220 3320 2748
2314 3090 3650
3839 2453 1164
3246 1371 440
2058 2241 2859
642 3281 3595
2769 368 2086
3161 515 3023
2765 1700 2837
378 3908 687
2030 2035 3827
2646 2285 2229
1657 744 1031
24 3282 1410
347 3245 2104
2314 3944 1515
2489 707 1683
1840 1195 1589
835 3459 2172
2695 655 309
912 1208 2862
2100 801 3823
3968 3920 1122
1323 1042 3525
3694 3455 3382
2503 946 2567
3938 416 1908
2353 1769 491
620 2445 2359
3730 362 1791
3330 3651 1644
955 1695 120
955 2135 1506
2417 2473 74
497 2390 1567
3493 1956 2107
1923 2326 960
992 2533 2307
2184 1935 2422
2202 110 3179
1211 2869 2761
2651 1168 3585
525 1360 122
2871 1429 982
237 3100 363
120 1872 938
706 2124 2706
1835 163 2288
3344 1509 26
1899 3167 2888
579 3913 3802
3033 228 3919
2113 1458 3205
3789 957 865
2046 1458 3953
2768 2724 3152
3589 130 3367
1054 3105 3279
2152 1001 2598
2735 3651 1856
2117 3414 1863
3135 3871 367
3779 2608 3529
2877 3143 2111
1394 2130 2741
914 2798 259
1027 3145 188
418 122 1564
2766 2537 1113
200 418 1905
2050 2422 2400
1780 2263 2556
3163 498 1443
588 3494 3161
3034 3213 1797
2759 2078 1930
976 1943 3504
3412 458 2387
1231 1995 512
967 2598 3143
645 1142 1521
1744 1612 1804
3052 590 335
3000 3617 3720
2024 499 1855
654 3051 3036
1212 1100 3307
3579 2313 1639
965 2149 3894
860 3766 2206
3489 2017 2301
2878 1052 1975
1384 869 1487
975 3096 2156
1220 2182 2333
3580 892 382
1658 1735 3286
90 3377 1701
3409 3359 3914
611 1691 424
1101 2265 99
2120 1273 342
482 1202 3386
2330 2839 2934
2801 506 3312
1013 2143 569
893 666 3417
3985 2102 3984
3971 1819 2752
1514 1872 3938
2970 2899 2403
1024 965 3884
2115 3535 2980
100 1285 1538
3199 2040 2477
853 2401 231
416 177 1853
3446 543 3568
2496 2594 2781
1610 257 3747
781 2528 3301
2862 2799 1514
165 3789 1748
1087 2640 3211
1954 2657 1169
1266 395 158
20 2933 2129
3884 2886 3045
329 3122 1020
1740 169 2469
2236 1439 3157
3229 1554 2684
266 139 3221
455 3698 2256
1749 44 3464
1986 3114 839
3630 1717 892
2516 3557 3875
448 1179 472
3133 3448 2645
955 2235 2295
256 1141 3883
2163 2284 790
2284 502 1311
1541 727 2070
808 812 3434
2126 2996 1474
258 1279 950
3069 3025 528
3419 3124 1702
2306 2520 3126
1135 947 229
2702 2173 568
3316 948 3706
1458 2920 3727
3707 2678 2287
2910 2972 1073
1171 2004 1302
1464 3296 158
2268 934 423
1610 3490 264
1498 3612 3615
526 1172 751
1183 373 492
1211 2517 886
1716 2171 1245
858 125 1480
2109 3570 2770
1534 1427 313
2490 2511 3618
3776 3152 3508
701 2286 2996
2256 696 2359
1487 2108 1078
1121 1578 3459
1937 1850 91
1188 3616 1871
2045 2828 2461
37 2627 1505
2991 2784 896
248 2778 2099
446 261 247
1744 3190 139
2096 1775 1752
963 241 1592
60 1803 3477
423 938 2627
1973 3879 3378
1455 240 3855
94 3316 3626
1565 3713 2842
3823 2149 2028
924 3931 3720
328 303 795
1962 117 2501
1913 263 3042
3473 1457 1528
3907 1072 2918
782 888 1640
266 2951 3618
529 928 1746
959 1914 3550
1685 30 2599
545 2066 233
3812 3296 181
1322 215 1312
2606 2611 261
1054 2503 473
3625 631 352
895 3518 3474
1163 1724 857
540 3306 2117
2272 3630 1899
1834 3497 929
1483 3967 247
550 1598 2738
2551 953 1138
1178 3303 3036
715 3695 570
2378 3304 2185
1903 3205 1686
650 3466 222
945 2831 302
3087 350 1101
1697 3164 3516
1468 786 396
867 1307 902
11 1534 3768
3584 3346 1400
191 3088 3480
334 1648 2193
1235 2879 864
1356 1060 3017
1178 127 1976
1910 2816 1050
240 1668 1554
2003 551 3364
1022 1754 1007
734 3969 3727
2518 2245 808
40 2842 323
637 1790 2248
2959 2821 3116
2899 3948 2414
617 3429 604
3727 1517 162
593 3301 3726
1597 2082 3046
608 576 1305
2288 797 2053
1544 1665 1720
2244 985 1003
3321 3690 3390
1825 2914 1283
2624 1547 3569
1989 596 3039
3854 677 2520
2339 3760 651
1684 1416 571
974 936 1357
198 1085 2758
1190 62 872
703 2770 108
2979 2800 1996
3584 633 2370
3635 1054 588
1091 3017 1376
719 115 1004
787 3763 1993
697 3110 3903
1238 67 2860
3125 462 3276
2071 1097 3478
2094 281 3835
69 491 2391
1792 101 3833
1698 363 3330
1188 1046 3689
2560 3559 63
3845 1057 874
2403 3834 2383
60 3926 981
1796 1986 1891
58 1403 1076
2674 850 1129
275 1772 1607
2502 2522 2261
3732 2103 3923
3444 737 409
3641 2870 797
2907 769 3004
3353 1607 2710
1853 3544 3135
3903 247 3882
3024 1895 2073
2968 3669 229
1746 1382 3620
631 1045 3519
3955 3346 1608
142 1267 2672
3141 3292 243
3207 3830 2868
1503 3539 1373
3323 2988 987
1366 2093 870
1364 2541 1248
1707 1781 1511
3989 3285 3747
2920 3536 1960
2209 558 1949
732 3419 3399
2861 149 3043
3124 927 2611
699 137 1687
2516 2513 3331
3560 221 3329
1459 3907 304
3791 2085 1902
2165 1990 3037
3469 563 2096
1467 2862 868
2914 1435 1145
3040 2804 2288
3409 2130 2107
2509 2262 2402
2656 3513 3492
3388 3005 2189
847 2145 3013
2142 2748 1347
1482 2927 2537
2333 458 1085
1488 3220 1515
3999 947 1299
3361 3413 1423
3347 1251 2694
3755 700 1670
2001 2583 3223
2789 815 779
1197 1320 1362
2564 796 1136
587 3354 1406
873 1668 3696
188 3253 674
770 1231 457
324 1519 1103
1402 2521 1252
482 1106 2491
479 3999 3884
973 2296 3928
3324 2309 175
637 727 3293
3339 808 2020
329 2707 4000
598 174 1074
3381 887 2287
3044 2339 881
938 557 2345
2205 3550 2656
3274 1328 365
3986 3362 2624
547 1961 242
3481 3153 2600
3939 3410 1250
2100 1163 2970
1394 1994 256
129 1848 3574
374 2588 2363
3460 1967 2342
3945 1388 3296
3385 2603 3180
537 2717 1718
405 3108 2080
688 2975 3715
190 140 3709
1907 936 3198
2396 2664 2531
3185 2693 1610
3482 798 1116
1704 1493 3410
589 1415 968
1738 1374 2858
1291 1318 1004
3079 1421 910
1142 763 2917
1158 2371 894
644 1354 2346
3837 1915 2539
165 3557 2179
3944 2965 2732
83 982 1907
2453 2145 3538
1396 713 1071
1734 3343 1341
749 502 2448
3862 3722 2877
1163 3572 1799
2608 2294 199
2714 3160 2242
3365 364 958
474 3699 2699
1820 990 2167
2657 3750 251
3056 1388 3290
3674 2018 2365
3424 953 3462
2055 167 2577
2606 1028 3680
2865 3287 2084
1466 2187 1637
266 2206 2011
3984 2303 1784
274 1884 160
343 2270 3800
1405 2845 2544
1048 3657 3174
3853 3876 1560
1077 3235 2239
706 3463 300
1659 2034 2409
1161 2417 2269
1084 2085 2870
407 1413 3222
3573 1716 938
353 30 3508
1432 152 3343
1042 664 2618
864 1171 3474
3844 408 3539
3205 3911 1718
996 1069 416
508 2660 3214
383 51 34
732 2488 1553
2346 2930 2411
2869 2084 1200
2853 3644 2834
2426 2252 2219
3530 3580 1924
3548 578 527
40 4 942
631 749 1035
2571 1360 3751
1320 2075 538
2373 470 1718
1943 309 3710
1755 1787 3508
3725 1697 882
1480 885 3687
1580 2736 3777
3989 261 2921
1540 1178 2846
3547 348 3817
1569 3072 2025
3771 1828 323
3307 1242 772
508 2444 3496
3743 29 1751
1137 3693 3782
3199 89 1875
1033 2163 3001
2757 2584 2426
429 969 1463
2362 2101 3261
2292 519 3310
1140 2848 1068
2714 2974 357
2090 359 2015
1098 3437 3437
353 1129 1187
1167 3900 2351
2349 754 3446
724 1814 2347
1025 1938 3007
1567 3375 2330
2063 1296 149
1353 1851 2389
2294 3283 981
2675 1845 989
329 2649 3092
2264 439 3111
725 3561 1069
2965 744 924
168 1768 3395
1968 2972 2030
527 85 3710
3690 1539 1645
1643 1055 3587
608 2874 917
1039 2572 2089
2663 13 56
2767 2488 2901
3170 952 977
2478 3963 984
1111 1627 1617
613 1176 1130
3146 2740 1687
607 2866 2564
2988 1812 307
3632 2699 2477
1745 1703 3685
930 1596 3766
2640 3935 2519
1953 1758 2819
3602 204 3521
1306 1766 3735
406 1522 2545
3209 1978 943
1025 3310 3037
835 121 2670
1974 3987 1076
3441 3196 2359
2220 2927 2348
1873 383 3768
3642 2888 2736
2784 3286 242
65 3069 2852
3147 3956 2194
2950 3406 885
2451 2943 2482
678 1306 460
955 3848 2701
165 1165 573
209 3796 842
3261 852 480
106 1488 2200
287 3334 1599
3516 2674 69
2424 1462 2419
3013 1052 2342
16 107 333
274 2481 1739
321 2118 3999
2825 2793 1992
3079 1634 936
2058 3891 2177
3063 580 3123
2762 154 3095
1378 137 1649
1611 257 901
582 972 2192
1198 401 3516
3078 2163 1428
3973 3014 1441
137 443 3669
3029 1521 3545
3456 3678 194
1405 3429 1531
2219 1202 1772
1073 2509 3424
252 3404 3932
1421 2394 2042
791 3985 3520
3875 2942 2874
3640 3003 3468
3746 146 1185
1127 3878 2255
3713 3667 2034
91 2582 3729
1465 808 2930
1724 3597 2558
3805 2400 2235
997 146 3108
2238 1162 1890
2737 1328 257
2989 1824 3182
1376 1782 3098
75 884 3028
2499 3794 111
3784 596 3705
2556 2913 1058
2147 2552 1445
1587 1431 1678
3921 3397 3638
2538 1022 2815
144 488 2251
2561 304 914
1758 2770 1903
1407 2218 1640
3264 219 259
3838 2887 827
2895 454 3126
1003 1995 2833
44 3616 1325
3975 1644 3421
675 1255 3275
2217 3471 3236
3155 2248 1285
2074 165 1070
2868 1178 1615
110 1453 3977
1603 3470 2050
1231 835 1416
1084 1433 1136
3620 22 3516
131 1752 2452
930 2465 73
253 3532 1786
998 2719 1481
2778 160 1864
3735 3369 688
1693 2360 2958
3589 2333 3176
3024 748 358
3840 472 984
883 1127 3736
2111 3047 2975
2793 835 3352
3420 115 2641
1600 2443 2025
2746 1678 2766
192 3955 1831
3941 3872 738
1478 1817 2820
1939 3059 3826
3895 3909 3570
3600 1419 278
1329 1554 53
3050 1741 1977
3138 3890 2600
2930 605 3110
2524 190 3551
1447 832 1185
1493 612 2643
1647 2710 3690
2825 1845 3119
162 1973 2542
137 361 724
1220 24 2600
2557 2849 28
3455 3622 1232
3698 1644 119
1548 110 1693
2223 2677 3784
978 3014 2721
3079 1348 3095
294 2385 986
3629 1006 805
3318 1426 1213
2609 3891 376
3533 1594 2261
2913 2949 1003
2516 125 538
1104 2721 371
2679 967 725
2216 736 2308
3077 1530 3128
3483 2974 1541
1517 1034 3194
363 3372 3360
2092 1910 1932
1853 3864 1567
3780 16 1559
565 3833 1178
2034 97 1534
3372 2292 711
2619 718 3918
1120 2261 54
3349 3375 51
2368 2102 3326
232 2206 1090
3511 3546 3123
2047 3109 497
1059 3444 3901
2796 3215 430
3280 2888 2155
3068 2070 1350
3957 564 2297
2705 2160 1264
1957 321 973
2784 3191 3220
1537 1541 3650
801 3070 480
328 718 3764
3405 1918 3604
3573 1578 1312
2991 2886 1311
1845 2974 3519
407 1497 2436
3558 3665 118
2188 305 892
2109 2224 996
1999 2218 1585
1967 2147 3861
1360 2834 216
2555 3183 1244
26 3128 938
3192 958 1509
660 431 811
870 2059 1451
3393 2836 3444
1268 1035 2240
1783 2822 575
2127 2846 3226
1485 347 3108
190 20 1403
1793 2849 2139
1374 1478 2688
45 3824 2638
1655 2540 272
3987 1813 3368
3809 1798 2843
1697 298 753
169 3428 2672
685 1759 2902
847 2042 3451
1425 3135 508
2142 34 3403
2805 2086 486
2166 3493 3655
600 1510 1207
3719 3408 1001
2957 81 2696
2641 793 3599
3681 3884 1233
3271 3065 2009
1725 3277 1190
1587 3302 1628
72 580 2155
3197 443 3202
1788 3119 1391
3470 1616 1891
2612 3551 3684
698 2930 2341
2261 3997 676
2932 2136 842
3953 2937 1856
2803 2899 2482
3377 3431 2549
2621 1541 936
3107 1075 2370
91 555 1423
2390 1602 3523
647 2264 374
2430 3364 3424
2749 2704 1083
1760 946 2655
271 1091 2640
3607 444 2927
907 690 2399
1461 2612 3255
1955 3088 1033
2783 3656 1382
313 3015 117
2870 2406 981
1144 2633 881
2477 395 3259
3914 3574 1866
1077 1459 553
1824 825 2459
2677 3124 2761
3836 994 397
182 696 3886
749 852 2038
1638 929 2209
1865 3079 2659
2094 3995 205
3830 468 3977
807 1483 1175
898 575 2310
3680 1452 1605
1620 2488 2076
3769 3495 3070
2380 1942 1137
279 624 1391
201 771 2189
3753 1490 3318
323 3503 3070
2305 1209 321
800 664 3775
1046 2191 3577
3076 3586 945
532 2086 3872
2672 2760 2176
1217 1894 998
2336 44 1511
3743 1890 1046
319 3172 1960
2867 1515 579
2060 2444 1533
497 1864 2584
705 273 2215
401 171 3664
1353 3310 82
173 424 2588
9 866 501
2189 2445 2176
3104 232 2946
1268 3720 2827
895 3539 3196
832 305 3795
117 1844 2345
3284 1474 3645
2786 1032 1131
968 1456 427
1275 71 1803
568 3794 2714
817 2804 2279
1944 2989 918
1810 2075 2541
2779 704 3878
1049 819 3926
1656 2907 3649
649 2176 3089
1572 213 678
3049 2452 879
3442 1864 3186
496 3723 2580
1464 3452 2967
3204 694 3573
3040 1750 2054
3377 880 3768
3868 1760 3464
2628 3103 893
2494 3553 3409
3110 3167 2485
3091 2536 1351
3043 2856 2325
606 3013 479
2886 2767 3073
3726 2664 2667
2267 2877 801
1106 1809 2946
1908 803 248
2164 2588 3709
1551 356 2484
1615 3304 325
2231 2686 1610
3844 3713 2737
3659 1994 3335
91 1603 595
1977 371 3848
138 282 3243
393 2297 438
3028 3252 2784
34 428 2541
2771 556 2764
2015 492 3127
1869 2779 2764
3658 3857 644
1640 794 371
95 2615 5
3387 2564 1487
267 1203 2380
1530 2064 3444
2608 486 598
522 2287 2910
943 631 945
3622 2000 2268
2977 3854 3658
1455 1852 155
2376 2598 1422
2172 1492 983
1339 3963 963
971 1592 3125
2352 2134 166
3487 2616 2266
50 1455 2896
50 3277 1544
2421 3679 1572
2302 3969 982
180 3856 3611
2356 1590 2785
729 1914 2365
1196 1969 1217
3880 2964 3585
2481 102 84
500 1930 423
36 2758 784
3194 3114 2330
1283 40 1210
3495 518 2405
3595 3474 1838
3228 331 1552
590 1080 3451
3789 1904 3920
3380 535 2561
1740 1238 2217
2254 3617 3497
651 526 3577
2711 3352 2489
524 1443 172
545 2121 1056
2953 821 955
664 550 1413
3161 36 2462
3174 3937 3866
1955 775 3138
1805 30 1
2868 2548 922
3430 603 3866
1917 3775 995
1628 1076 2171
3560 485 970
2419 2790 2408
3387 3227 210
1435 2342 1656
190 1870 2150
1490 1931 2331
2989 803 424
1976 3363 2685
2738 3309 1384
3209 2196 1287
990 1204 393
1822 679 1073
3321 1102 2471
922 1523 1567
474 3137 2498
3647 3638 1785
1418 3824 1238
892 92 2039
1875 3815 2882
3481 3518 2088
248 1136 2322
1124 1644 888
1931 1366 1609
3998 1992 2406
3239 3585 3388
1957 1585 501
818 2875 2937
682 1753 1182
66 2611 3624
3010 1674 3105
3114 2500 2686
3307 2148 1307
2788 1652 2014
2378 1669 3757
740 292 1985
3077 2368 1062
1744 3955 125
168 1584 810
3612 1072 1041
1661 2596 2815
701 581 2236
2136 1496 485
2986 3151 289
3079 2266 1837
1829 2613 31
2233 2962 3052
2055 2044 330
911 734 2417
280 51 1874
2181 1688 3225
2891 3924 155
827 2375 2333
2275 3259 3738
1668 2 898
321 348 102
60 697 2452
3825 2531 2563
156 2852 2937
199 2904 3671
2149 972 2289
3395 3523 2780
316 2908 3043
107 2816 2663
3373 450 374
724 2755 3291
1228 3377 55
1258 963 1212
3349 1336 3699
1094 3116 3279
3560 3250 1817
2827 747 2261
2216 1609 1061
3980 3498 3717
3273 2308 315
3767 2248 907
2237 117 3508
892 2802 3578
2383 2520 1951
1088 640 3549
2110 1827 3503
350 1958 1313
3705 1962 3428
2259 1277 3787
3290 2104 1500
800 268 2143
1828 1677 2956
848 1372 941
1765 1189 3559
203 2709 838
1448 1181 2039
393 1713 825
2737 854 256
3501 3823 1781
717 2297 741
113 371 3193
1025 1858 2231
3756 1320 1577
2068 2012 3036
2940 3781 1903
2211 415 1074
2391 858 2088
566 2828 363
2503 538 3671
2236 1236 1572
3888 2729 3888
2496 553 3529
1775 2118 1337
3919 1401 2594
2058 433 1682
2403 1643 2882
2957 3354 2898
1096 3269 2646
2497 634 1352
135 1124 2408
1919 2621 448
1234 3640 3885
1640 3015 2772
675 948 1955
2257 1627 601
3927 961 1150
648 880 2118
41 670 2237
1047 3094 374
3017 2471 3205
3542 3548 1623
836 2564 2187
1696 579 715
1535 1173 1351
2483 784 718
203 776 3671
1753 1884 2800
2608 2024 643
193 1573 337
2742 630 1301
1191 1160 3429
286 1460 3668
2382 15 3649
3859 1766 2246
289 215 1079
3381 703 2950
1163 1561 252
1562 3239 532
2041 2010 2995
2317 2864 2972
2762 3001 2950
1849 3507 3739
1518 2270 1488
61 1376 3004
1682 3102 3879
3683 2488 1958
221 3277 1450
543 726 920
852 1278 34
813 2438 2665
2605 1023 3174
2979 998 1477
1038 1278 2161
2670 3199 2159
2553 1591 3487
3045 722 3568
3550 3566 1779
2314 565 1769
2357 1909 1151
859 3070 1067
3462 1243 3910
3774 664 3283
1973 2149 577
2312 840 2383
3333 30 1521
341 1881 73
4 2672 1879
3605 2143 451
138 2112 1395
3483 3923 1642
2564 2070 2543
2073 1734 1992
3306 675 3276
2604 999 980
653 1587 438
3138 3664 709
2386 2321 2210
2218 333 2444
703 3308 3806
89 303 1256
1003 255 3372
3084 1864 1348
1941 41 2309
355 3692 2596
2814 253 3445
3314 3680 3487
408 1254 2
504 3714 2864
1821 3010 2806
3881 1392 1643
456 2845 1356
767 723 1611
861 667 3634
2911 1289 787
2442 811 1954
2961 1718 3450
715 3322 2886
3403 2530 3340
1126 729 3187
3293 874 3434
2203 3714 2458
2917 1617 1560
3307 2615 2401
3860 1784 3114
3618 666 2890
3296 3506 2448
3566 2802 1993
2700 2978 2730
1913 3217 3703
2375 1602 2743
2972 376 2654
2290 1533 2058
3748 1209 1787
2813 3508 2844
1110 1898 1581
3323 195 3844
1155 65 100
1529 1122 408
3821 2688 1101
3695 1176 2882
388 818 527
827 2059 3163
629 2801 3059
15 1239 1875
1856 1689 1253
868 1427 3807
2763 1975 722
2060 1188 745
668 591 860
3189 2332 979
181 827 3712
2246 2918 1074
2729 2679 2652
2719 2660 1522
268 1738 360
1564 3713 72
3113 31 3929
489 2576 3242
1897 971 339
3795 3513 1988
2203 892 1640
636 2062 86
2652 2249 3680
2057 3310 3873
3296 1756 237
1842 1681 1468
2097 2011 231
3296 3199 627
2540 2457 2230
2875 1950 1949
2874 700 1826
2177 2901 1017
3026 1775 2725
2228 404 458
872 1566 1118
3671 3792 3470
1796 986 3138
887 944 447
1787 2290 141
3203 1151 1190
3009 541 1797
2916 122 2034
475 3267 1872
926 1509 2805
3324 792 2791
813 1793 3646
3429 3868 2256
3298 3396 3110
390 59 2957
3520 2959 310
1368 2561 2336
1239 1630 2517
741 2978 3759
3447 281 1745
2311 1801 2846
2285 3010 3874
2945 3950 1601
773 628 1029
2625 153 2943
2601 3526 3544
1178 2393 2653
650 2160 2946
1970 551 2215
2191 3348 1373
3600 3941 3833
3398 307 1194
3638 36 1669
1516 1827 1920
2774 3573 2196
1286 3686 3972
688 2532 1753
2898 1142 141
2247 2660 2736
197 3235 14
1237 2386 2118
1625 2158 2816
2933 12 2031
3321 784 3665
1769 1112 1105
54 3479 879
3572 2049 803
1692 3322 3227
1029 2128 2707
2413 3790 1931
3908 1995 2849
1310 2303 181
1907 3958 2869
3351 1226 3676
1292 89 1179
1111 843 818
1822 321 78
3484 2281 2132
1862 247 674
1377 2925 554
1654 2918 236
2627 178 2766
1261 120 2335
372 1512 2851
3798 281 2491
3279 1621 523
1944 116 80
620 2032 3938
2066 808 1141
2680 2791 1707
806 3301 2425
2095 3169 2030
3367 2117 963
2462 1122 925
1105 3157 130
2255 3390 3131
813 3875 686
3562 1695 3875
37 2195 2472
730 1914 838
3442 1351 2821
2372 3379 672
3812 2323 1322
1247 946 3183
3598 3119 645
2005 2144 2251
1676 1584 1850
1106 1724 800
154 3989 1889
3837 842 38
3254 723 1631
172 594 1325
2830 295 2302
3662 2481 3552
3832 186 2343
1770 578 984
3177 1462 1262
1762 1198 697
1188 3453 3758
2687 3999 3305
3326 2294 1102
880 1744 473
2514 219 3771
2547 2367 506
2338 1884 3923
953 3978 234
444 1512 704
1136 1686 749
2179 990 3435
1716 1288 3523
334 1598 562
971 3066 1086
2391 196 3253
1110 3577 2209
2092 3372 3261
1430 1562 742
2565 1975 3865
744 1690 2913
529 196 1220
3291 1862 36
2302 198 1891
3370 3836 3335
3756 3410 1279
1525 1623 2395
2931 453 87
347 3177 3122
3055 2258 3895
1687 1731 3909
3067 131 1855
3809 3390 33
129 333 1577
2100 1801 56
3782 1212 3783
1237 1755 922
2763 1065 2795
2627 2281 2804
2759 2201 3876
509 2871 1013
2772 2493 3247
546 2943 3969
3809 3459 160
689 2310 2617
78 3452 1908
1670 339 748
3645 3249 3679
1451 266 789
1795 3917 3015
3232 3318 1333
3907 242 2128
2588 2069 2372
622 2958 1444
998 1475 2114
507 3579 1004
2923 3639 301
2085 3511 1662
814 1092 3963
533 2528 2142
1495 1277 3906
688 2733 2538
133 326 237
506 1167 1562
1798 3104 1182
1371 1101 745
3377 3158 1530
2021 3854 2062
977 1886 2106
3643 1082 2563
1290 1598 154
3020 1941 328
1401 3449 1220
1108 3153 1101
517 3858 3862
455 320 3227
198 1671 2456
2634 1167 2475
2041 3698 3256
2578 650 837
3085 2952 3753
479 3765 3439
1745 485 2286
2344 396 3971
3909 1153 1096
912 2557 3789
2718 3658 2740
2754 2951 3233
2594 1015 272
1572 537 166
3879 3907 1162
722 2285 2661
3037 1399 1002
473 2841 2816
1444 547 3931
1080 965 1216
3934 1130 796
1861 2199 3610
2416 2576 2033
2593 1768 1716
2115 1366 286
206 1016 3329
3618 3447 1554
2773 3647 2971
1101 1761 1268
1928 2380 3670
2723 2913 1215
3415 353 3596
1458 2473 3145
1491 2629 2156
2311 348 1016
3763 1054 2813
3849 2646 815
1244 1526 681
3362 3204 3498
905 2066 2257
2609 685 3171
3680 1735 1809
1277 280 1300
112 2142 3893
2332 603 1903
2187 2399 1662
348 841 1060
2914 1741 293
1003 1945 2750
254 2961 834
437 1119 2162
2921 3622 1930
364 1030 2472
3364 3258 2951
1021 1006 1656
3190 293 2726
246 193 3881
1439 2627 2813
2215 3435 3161
2650 2328 2969
656 844 61
2296 555 2470
3050 1473 1776
2640 186 2570
753 720 1876
3105 3535 3190
1232 3760 236
2454 417 1327
433 1492 3421
1660 1775 18
2145 1965 501
1433 3427 2811
3725 1545 1155
2503 176 1804
3023 1380 2415
2444 3384 1348
3072 3979 3086
3263 538 1236
1167 3485 514
3626 1492 956
929 25 1557
3953 8 3348
1161 2060 1928
2547 3875 1211
1343 258 1191
2318 552 2036
2980 2981 3469
2395 2159 982
3954 113 2857
531 750 1130
3306 2172 2750
2026 1739 447
2152 125 3631
647 3317 1276
1721 417 2868
2694 1184 1601
2783 2522 586
2243 543 3415
1174 1570 653
339 2402 2187
3433 1069 3380
489 2122 1753
3357 2804 2933
1558 1468 2130
3429 1392 2123
3816 2085 307
628 1297 3757
1881 1972 818
