8000 5000
2051 3975 2654
1628 1145 6640
6698 2130 2703
3114 971 5999
5 5800 3579
1366 6024 1872
651 6911 1140
4350 7075 101
1787 6969 3788
1276 4525 2591
4552 7539 1484
7896 7301 2151
4777 3347 2767
4634 4899 3770
4524 3573 636
646 6121 4754
3235 3172 1227
7783 3702 6637
7408 2348 3149
7800 7902 5933
4587 4057 1775
3981 5845 3535
6229 2968 3475
5562 261 6875
2236 3705 1607
1970 5097 5351
7905 5538 6329
1698 6525 2186
5858 1650 7879
3326 2075 2810
2788 5079 3522
3944 1381 5974
7239 2702 2640
2632 1293 7499
1606 2698 3535
3442 2946 2515
6613 3375 705
2817 4169 2967
6969 6897 2250
1422 6650 5451
5297 951 357
5382 7059 7781
2043 1441 2405
5461 3520 4937
2323 7073 4918
4005 1455 1100
1441 7983 6309
1397 529 4277
7810 6480 357
3865 2897 6580
4745 1507 357
1752 4675 7658
5372 5090 2655
5423 3697 7949
3979 6638 4366
1724 2865 663
5221 6615 4177
4475 2604 2927
2254 5445 6872
6980 703 6153
2140 7803 1051
6955 2229 1127
5362 1103 4075
7926 5422 6640
116 3018 3261
390 3251 758
6342 7272 6767
145 3458 2944
4670 784 4393
6767 1922 4509
2308 1014 7453
558 5007 5421
4713 4055 1781
2742 5678 1102
3790 7024 7587
3356 3956 40
7725 4725 2776
5386 2496 5387
530 4273 1021
4829 3816 7712
5632 3169 2287
2849 3006 4151
7932 7005 4528
1852 2791 3208
2486 2530 2023
7265 6070 6365
5206 4047 7212
1889 2908 6424
4267 2572 1429
7717 4978 4468
1638 5564 2065
1 7065 3572
4409 5361 425
1857 623 7491
4226 5115 2136
5147 3267 4367
7407 7794 2348
489 7488 7451
459 413 16
2427 7860 7163
1648 6451 751
6452 4421 308
2444 1636 4280
1745 5079 2196
5578 1506 7193
5004 2760 4323
2054 3522 5044
531 4389 5361
918 252 1532
6484 1803 3535
6259 1421 6312
4532 7902 4878
7138 5250 2805
5675 3478 4604
2045 4799 6687
5032 1570 4179
5713 4658 2365
4892 3306 1059
4509 1527 4808
2107 51 5313
5132 414 4680
6007 136 514
7647 951 4177
5753 6196 7450
2729 946 3432
2151 265 4072
947 16 4147
7363 1187 1894
5487 2493 2421
5599 4684 1782
7882 1114 1308
7843 2167 5376
513 6295 2175
2446 2582 7308
4965 5356 3018
4811 6962 4098
2921 4764 389
1785 5287 7929
3226 209 2046
1583 897 2447
5095 3113 5610
880 3297 1215
6353 7076 5335
6347 391 6148
7561 969 4302
3112 4352 3990
83 2475 2865
1616 3928 1602
2256 6833 3939
3016 651 4362
3412 4822 463
4334 1929 1562
5989 7709 7822
2913 3375 156
6580 7626 462
4191 179 1525
5730 7380 4963
5125 402 735
1842 615 6100
7693 715 307
6421 3480 4519
6798 6462 2446
5647 6040 4640
7406 5130 7207
2373 2969 4124
2945 5092 7993
4494 1793 5749
1951 1164 4224
876 2142 3492
3462 3912 2101
6688 7039 5083
6325 725 7264
1979 4584 6966
5297 4873 5683
3741 7700 7955
6513 1280 7405
6367 1902 2599
2473 5303 3407
495 1857 6278
4485 7368 912
5271 1127 2263
3831 7225 5924
505 3042 323
2343 5305 6703
3400 764 6112
1499 6601 5526
2062 2698 690
3893 3175 490
2395 7181 5369
4961 4707 721
1345 5012 6466
1374 188 7662
2835 2432 237
3660 823 1749
6955 2384 3400
6466 4896 5676
6973 42 6637
7153 1004 5231
6814 5604 4039
7049 3611 6219
7895 1444 7500
1275 5931 5636
4625 6246 2405
6953 823 88
4866 3607 6181
7173 6214 7639
922 6138 4376
3595 6849 7599
1142 2348 1952
4214 5008 5629
7744 5166 4512
6546 3718 3740
557 6546 7033
3075 5053 2335
3297 3001 4000
69 4328 4385
2177 5706 456
2379 3709 7453
138 2759 1151
5893 4953 4659
7967 675 1039
7878 1951 514
3430 277 4268
6695 2645 7636
617 4960 3423
331 7990 6010
4961 6787 5617
5675 5319 6251
6261 6799 1625
7824 3603 5620
1719 1052 7231
2314 744 784
818 2699 5573
6424 5702 2015
4354 4793 4119
2483 4906 3143
7063 7605 4588
2477 934 2023
7640 2919 5231
2124 4115 900
3042 4542 6091
4703 6795 7569
4954 3118 4776
4226 5970 2631
6557 6803 1749
4554 1085 4564
870 2107 1387
1927 291 7734
4754 4919 6976
1502 1342 2651
6911 1937 4174
6038 5054 4438
1154 4773 2991
4859 6895 639
1021 4899 111
5565 1686 6477
3426 7596 772
427 5293 6232
5839 2532 7549
6997 2208 2819
6056 3283 6486
2755 7504 2802
927 5610 2368
6789 7198 7688
6425 1859 3373
1365 2762 254
3955 5581 4445
1823 2889 7743
518 6493 2945
6752 6168 3395
2508 4872 255
6434 7354 1719
7172 7316 2142
6131 4775 67
3524 5442 7507
982 1207 4436
484 6901 3387
6567 1798 1450
6203 4194 534
2697 3576 7505
5379 5356 7983
5008 2596 142
44 475 1847
7240 1475 6606
7973 6873 6413
983 5443 1256
3624 2787 1935
65 5655 4839
1153 3994 2757
4195 5968 7147
1663 3638 1711
597 5970 4925
1754 479 2860
6267 1555 6372
2887 3022 5631
4403 2880 903
2903 3917 2886
5027 6192 5095
7412 6095 2848
7213 5727 2600
3473 2115 849
5334 2750 3334
3686 3492 1248
6410 1659 7174
3954 3675 4646
2585 3023 206
2129 5836 4007
2678 4009 164
637 2410 7673
4395 6951 7612
338 599 1723
5412 3033 4396
4380 6089 7301
2689 4860 652
6966 4422 4554
4315 3960 1431
7705 5018 3596
4136 7747 7451
5263 2535 7038
5886 1221 4091
5206 1048 3070
7005 3543 1501
2369 152 7028
4493 2934 17
4860 136 6786
3131 723 4742
6614 1089 5279
7546 4239 3327
6153 3844 2853
2398 5947 6307
5177 2988 108
7107 2331 5278
6054 7335 5868
379 1339 5338
517 513 5239
2624 5215 1013
1772 2419 587
2000 2544 6647
4867 6768 3524
2426 5190 7514
5014 561 4757
267 2708 2482
5811 5080 1808
756 5983 2803
4957 3874 3574
3872 882 990
852 6974 4441
2140 3139 6679
6762 1353 6223
6836 6316 7169
7145 3012 4792
4586 3553 7974
1508 1357 5675
4859 2030 3662
429 3371 7119
6854 7675 5058
7737 4140 210
3970 6277 1935
1370 6416 7856
7305 1797 5025
312 7221 4448
7034 6775 6490
7262 80 2432
6986 1489 640
2365 4090 7771
1743 6004 6801
6315 4707 6941
1903 7024 2725
3053 2500 2546
1963 5558 151
2612 6988 301
3353 1387 3648
2544 847 2131
3623 1793 5501
3292 4662 2568
2356 1082 2334
5576 4800 4586
4212 1364 7746
7459 1002 149
6261 5706 5185
7154 1177 3651
424 4848 3455
222 7296 7565
5028 1652 4296
7095 2594 7833
6076 4970 2854
7301 3832 1010
2004 7754 5320
5815 4369 744
4547 350 4530
2791 709 2976
2592 2816 870
3754 4726 80
2768 7219 3751
440 4953 6285
7532 7535 4628
7401 6239 7693
1032 3757 5478
5439 99 3056
7305 1982 931
2416 5603 1079
2119 2220 4406
3240 1642 4376
3125 7814 413
49 2273 1253
897 1497 4186
2805 5567 627
4430 4286 3785
5222 594 4545
5915 3085 1356
6075 5009 7321
4091 4967 1261
1606 4505 3585
7385 3744 1760
2630 7850 1580
1064 376 3502
3627 4380 4723
3531 7909 4904
119 6247 7072
2545 1704 4989
2715 6559 131
958 1037 2622
315 2631 7068
1883 2778 2745
6385 762 7043
5628 1282 6603
72 1151 950
1529 5691 825
5881 4932 158
6277 1676 5280
100 78 6441
73 6122 755
3502 4161 2098
1312 7355 3441
5595 5540 7364
2351 925 4250
2399 6285 7801
4440 5107 2304
668 7311 4764
54 4037 4286
7338 6877 6665
5666 6361 5936
7968 218 2711
3543 6739 2634
6794 4290 7724
382 5471 7870
1750 2419 5096
6202 5871 3124
983 1866 2330
4380 7411 2774
3292 4091 89
851 202 4791
3184 7994 1847
7279 146 5847
5031 2715 6320
2131 6801 3539
6244 6676 3282
6947 2237 6006
939 4301 2724
2918 4976 3637
7881 2259 4047
3301 1179 4272
3131 2711 7799
0 3343 3741
1678 1114 6645
1957 6970 2722
6205 244 5834
7810 5831 3620
6582 1504 1285
7978 6821 2100
2970 6799 441
518 5601 5913
89 2844 2892
7027 6309 7262
6388 6161 468
4411 3212 914
4301 6732 5004
4811 6193 4249
2523 601 3576
2146 4167 5059
4924 2283 1047
7023 3679 1127
1722 3274 7554
4071 4664 73
5267 371 516
7556 5844 514
6645 1859 1452
6750 3100 3982
2221 2327 4455
828 1813 2729
7822 4643 6505
7780 1226 135
5074 30 3711
7671 6835 3860
3968 4383 3672
4566 2340 6258
4845 268 1389
499 2523 1825
2936 4194 3652
6342 7347 1334
961 7585 2951
6078 4783 5460
2901 2925 470
7144 72 6556
1533 284 5738
7956 687 399
5113 2334 5265
3279 6278 2932
2020 1143 1061
104 2434 7307
2430 4718 4961
2021 2940 60
3265 3847 645
3076 350 3627
1572 3104 1022
205 4518 4655
1051 2131 6254
4444 5321 3127
6261 1239 3747
1584 944 6668
7603 1411 5356
2964 6936 5850
7422 7083 2218
6199 5827 333
6395 2082 4807
3157 2369 6003
6799 2326 1525
3937 7210 4932
5608 217 6337
6448 3259 136
2365 3982 2267
840 3767 4744
5335 5643 5542
1569 7692 493
807 5580 7536
2063 1743 7137
6847 3184 3837
72 2408 5209
2673 5942 3936
7882 460 2692
2573 3985 3691
55 7598 7554
7430 5669 5624
5856 424 1509
5279 3063 6942
2140 4472 3325
7004 5705 74
4698 2263 4692
5569 938 3564
5636 5971 5193
3131 6713 787
6044 692 6699
7249 5029 2703
2399 3430 1106
6713 5700 437
6401 7389 1390
911 4393 4055
6895 1073 6216
2191 2798 5824
2115 149 2183
2253 4156 7922
3136 1206 2044
6830 2805 280
7732 3268 170
3327 6111 4464
6777 6690 4028
7837 4493 2907
7019 4942 6011
5498 4655 1018
6900 2151 6333
2454 1383 6947
2157 3198 2218
3478 2582 3954
5545 3797 5681
4970 4574 904
6168 4883 4472
2683 1599 2939
2608 4597 5022
4598 4461 7409
1044 931 3656
1978 5023 5340
5897 7492 7054
2172 3676 1365
3500 4586 3823
2388 7091 2527
7247 5815 1559
819 3959 1360
4816 3095 3298
4007 6084 5043
7292 1041 3039
5184 1306 1839
5074 3102 1721
7733 3847 3332
631 2277 6675
3158 1149 4946
4537 6676 5647
7029 1344 1937
4551 7124 6469
1334 6155 2047
1048 3584 6717
2560 754 2556
4227 3252 7493
1498 499 1172
5142 1138 843
7023 3661 1601
6161 3634 1438
4049 1494 4424
432 7354 3584
4110 3157 102
5826 7931 7540
1788 6501 7649
6824 5599 6154
5527 4932 2684
2523 5630 2894
5103 7919 2792
2230 2071 3166
821 5423 3137
1782 6504 2364
4390 6288 6360
3283 7423 5601
2975 1823 6571
3023 411 6500
6401 2756 2390
5785 6765 1922
3749 2265 3308
7324 5818 1376
5581 5968 1008
546 7069 6577
4376 789 849
2772 204 7196
2925 6945 6751
4028 3207 7691
1195 1874 6313
5684 1555 6022
7831 2000 2177
4926 2883 3617
1784 3413 6455
1595 3438 940
7310 2073 5254
2377 5401 5399
1989 2115 2768
5236 3464 1375
4176 390 6392
6603 3884 1449
320 3725 5945
5718 3386 2857
7932 3316 7332
4441 7175 2238
5280 6725 1534
7179 1206 4984
1062 364 2235
745 5846 7094
805 540 1167
3538 3702 2927
5025 6069 6591
2392 3153 5569
7853 3201 1049
6658 569 618
2359 7127 3281
4009 2493 7406
2631 4814 4872
7908 4158 3283
928 1939 4231
6647 5823 1490
2466 551 2001
159 3248 4475
4614 4724 6777
5154 4138 1307
5079 2203 6952
5228 3954 1162
5445 3468 2419
441 1278 335
827 4283 7094
3538 2301 1071
1896 2910 904
6133 5910 3568
3396 2840 3471
7047 416 2852
5440 5833 7792
3673 3450 3718
424 867 4225
4283 2312 7565
1956 2704 240
2251 6149 7014
378 48 2505
6076 5450 533
3756 141 4702
1908 1892 5686
7303 1381 7484
426 2305 7264
2885 2163 6209
2095 761 2079
7534 7431 3630
5050 2974 7997
7384 4141 1096
2236 3165 5463
1371 7090 1546
4932 6671 7807
3959 6947 7509
4978 892 2618
7752 5131 4061
95 5644 7363
2288 6683 1299
4368 5824 3522
5289 4425 4858
994 7509 976
5612 4756 3052
5392 7583 7096
1951 2169 6510
2681 363 2196
1614 4771 1595
1359 6755 1081
582 6335 6415
6930 5110 6677
1608 6745 6942
1783 3357 3168
4526 1981 6449
3408 7445 4442
5280 3356 2043
3310 623 6859
7873 6838 5364
345 6869 2947
7455 3839 2605
4812 3822 2982
2515 7427 39
1428 7717 6155
4806 2609 5261
6260 6578 5304
5317 3834 408
3205 4384 2753
2951 730 442
1030 4921 5350
5481 7308 5241
2871 2738 3642
4906 1848 5137
5902 6994 2308
4243 1525 1173
6653 863 6135
3408 5336 1912
5019 3612 4386
4251 7926 4917
4303 7479 930
3821 7158 5753
7379 4127 7442
6045 6620 2144
5616 4616 1060
2930 496 1196
1534 5991 5712
3693 4909 838
3874 7903 3441
5452 1059 5633
2434 5355 4755
4389 1574 6139
5215 2030 7427
3708 3500 6670
2726 5143 802
3990 3675 7450
3163 1343 5770
1195 3427 1551
1672 460 1346
7533 1083 183
3437 1341 5358
2111 950 842
405 6201 7355
4595 3165 2679
735 6553 6363
5828 859 1532
5816 6984 7919
1263 4298 2739
4671 5018 3588
7271 638 1829
7933 3865 6951
7512 2607 29
5889 2368 7349
4362 1394 7815
6712 567 5062
3473 85 5526
2669 7378 18
163 935 3008
269 1041 5976
350 997 7586
2197 2123 7148
2288 1882 4546
5928 6075 6498
92 1570 972
3061 6843 5941
7319 6997 5513
2709 756 54
1484 3172 1181
3139 2798 3062
1050 5191 927
2702 3409 1609
2975 6747 4408
2689 5965 7772
637 7267 145
7496 4825 2816
5551 1536 3910
6030 5203 6109
5181 7791 1983
6472 3288 7193
4581 3051 3501
6191 1171 1979
3163 3039 5785
4534 1910 2297
4336 1531 7329
790 6165 613
5873 7047 3556
934 1602 2909
893 3761 1573
3369 4793 3111
4411 5964 6581
1749 4429 1555
7498 3143 67
7408 4836 371
2204 5662 4637
951 7880 7706
1125 44 4826
2403 6186 7823
6522 7541 377
4629 2881 7403
3030 3770 3746
3912 1562 7075
6569 3902 241
215 3616 2648
7530 3916 124
2402 5322 7708
5378 7766 2197
746 1401 567
1401 818 4880
7670 3155 4192
7346 4638 517
734 6188 1743
2517 7807 7776
5662 2347 3795
2639 1909 5808
5992 6725 3930
3075 234 529
3355 6699 2389
3549 1734 850
5583 5309 3671
5573 1608 1934
7381 5589 2565
6404 3039 744
6420 3370 491
4439 2756 5370
2999 6935 6194
1425 1618 522
717 3854 3172
7174 5524 3965
1595 7347 1328
5067 1844 2426
3619 641 860
3906 1019 5199
5022 4083 2859
3389 6948 6863
118 3870 4333
5340 3148 1193
6490 4038 7066
3200 5860 5190
6052 4106 1132
7117 7205 3976
1312 6086 1082
674 3614 2849
4725 5925 1461
7946 1537 5373
840 604 6769
486 7350 6479
1272 5177 367
897 5360 1543
4910 4914 1442
2025 2367 5842
2815 3132 1666
2540 219 6034
5977 435 4068
7949 4921 4054
6500 1746 2944
763 2971 2141
5416 3405 3161
2435 5634 2415
7676 7676 1167
4633 7823 3313
5857 4621 1385
2164 2896 5318
3085 5048 318
4297 1886 2849
7308 175 7587
3682 2389 1716
589 4834 4448
152 3901 6512
3411 6029 2233
7611 7166 6014
5542 118 1942
7672 5878 1578
7712 5586 7792
6128 4154 2071
2349 2116 7227
5994 5428 2178
747 6010 2818
5004 5801 95
7158 7977 1859
3965 3563 2965
4936 4100 2267
797 4681 2765
3907 5453 7415
7589 3638 904
3751 4903 2582
3882 4733 3557
1653 7920 5376
5306 7909 6251
4829 1326 1866
1846 2146 446
362 7161 7998
3267 7253 3274
4967 2480 7808
6512 4969 4489
7440 5219 3025
1371 6442 309
3544 3940 44
5728 5741 4412
6019 6423 1757
560 3824 7077
1199 4415 5683
1870 194 1248
7488 6846 2967
4826 5541 6791
1174 7181 6834
6625 2310 61
374 953 6717
2037 1555 2007
5968 2846 6278
926 4804 3824
5104 7953 6222
5210 3444 4699
913 903 2000
1557 5814 3872
2044 583 5136
2831 4350 3334
5828 486 6764
7715 266 5391
4523 33 269
2685 590 5256
7313 3236 2113
1725 1757 1124
531 5855 6366
1164 3772 5026
4992 6495 2446
7527 7855 7818
6967 6831 5205
7857 3702 7451
4164 7098 2759
4521 6152 686
2702 3423 7540
4417 1629 3873
4283 6754 2518
5257 2499 3349
5470 543 5393
3704 6964 7129
597 3878 5955
5497 606 3989
7054 3674 3573
3867 7037 6855
5009 985 5371
868 1595 920
5266 7644 4150
250 4489 4646
4043 559 2484
2431 4997 3257
570 7506 3089
6128 6985 1043
314 4750 1420
2662 1926 5016
1045 7396 4444
5423 7079 2953
473 7833 5125
5254 4794 3397
1876 5018 634
5058 2769 3033
5412 7783 7733
1849 7530 4305
1238 1210 5049
5377 5445 5375
7426 3959 7087
3904 894 3685
7276 1731 3394
4040 6873 1124
4965 7446 1788
5662 6315 4370
1244 2036 179
5063 6212 642
7489 1782 6553
5504 6124 1200
2501 4292 6279
4253 1183 2329
7665 4751 5408
2779 3968 1754
1392 3586 4214
2471 7814 7342
3773 7031 2380
800 7661 198
4033 4389 4463
7836 754 4132
7395 5621 5626
7965 555 2734
182 3596 996
4065 5203 7262
3671 2474 4367
7293 3249 4385
822 1468 5020
7092 2784 1618
7727 1911 3180
4346 7747 5143
4218 166 5988
6910 6327 4789
5574 1761 3274
2726 6087 7040
7715 5183 3339
3522 3772 1154
453 6595 5616
7355 7465 649
3669 2813 2923
7821 7057 5394
5483 6630 130
3976 6142 5000
5514 6903 4068
3181 7628 3177
1428 1734 1543
6825 1726 5183
4804 7771 2700
7193 2983 1675
349 5105 7130
2690 6922 7640
3209 1322 5565
929 798 734
3541 6033 6725
5805 4813 4679
7924 2376 5611
6155 3357 4167
3618 4284 6662
2063 3651 7321
1475 1384 2431
986 6806 6706
976 1266 6987
2999 6273 2004
3296 6475 5978
3957 6465 1518
729 5142 7212
1142 5949 3487
3601 5309 2649
7108 761 6564
2630 1466 4683
523 6443 4447
2768 4605 95
3947 5888 4090
2815 1816 4197
247 2614 6529
1012 360 4148
3470 1918 4036
3915 2224 6605
1550 4897 3333
4539 6491 3202
6494 885 2363
4541 6339 1178
3955 6846 5857
5182 1325 6436
552 4248 7679
7584 5457 629
176 5 2100
276 6063 6504
1119 440 687
1084 1878 473
297 6700 2826
7225 5141 1565
4265 7995 7259
5362 2845 7712
3341 6143 4104
5962 3238 4613
6857 2384 714
5004 1011 3764
1404 5193 6353
7547 6453 7186
2769 3239 4811
4352 7845 1964
4785 6116 5525
6697 131 5319
7826 1877 1672
7594 6302 1483
7709 4219 1143
1468 6293 2082
5996 5080 3928
1678 3933 6379
2767 7341 4090
6821 6172 4124
4534 2246 1425
768 4474 5812
6115 739 3181
5765 4821 5106
6598 1976 6069
1525 3424 7288
7901 1796 7565
4989 4710 7823
7971 50 1986
6619 1479 2376
2029 5038 1932
5175 184 4359
6418 2534 2682
6976 7196 7716
1478 561 6620
5597 7988 6657
238 7084 3259
4499 451 2959
2758 761 2600
5239 6336 7332
2734 368 3474
7689 6008 2024
6502 7504 4178
4141 2792 5129
811 3915 6773
5498 7210 5447
2089 6961 7877
5441 1311 3076
5854 1406 1959
6900 1716 6410
4210 3641 4263
7847 6730 4735
5003 4255 1101
66 123 6881
7250 1002 1186
7024 4502 4971
6490 568 5435
6858 3533 6951
5222 7537 6883
1392 3286 3678
2044 6815 2571
6079 7112 6183
4830 7659 4487
5908 3596 6672
1961 7582 7305
1692 1819 7068
6826 2583 4248
4043 2123 4446
3967 4841 1764
5670 4598 2704
5195 7767 2476
6175 3121 3267
3370 2967 1069
949 4198 4009
4532 5269 2187
3101 5013 4467
6707 5956 3494
6320 2243 5000
6436 6 1054
1746 4585 3869
7186 6944 1839
5670 7453 1314
7167 2988 732
42 6819 3802
675 6033 7759
1919 439 885
1481 2420 2598
5487 4032 4247
3480 2366 7177
3560 2408 2854
2009 6828 1133
7599 1050 4429
3318 6510 2334
2221 1568 3762
136 2122 984
538 4597 3456
7709 2475 7018
2090 4021 4203
4749 137 2445
6955 5847 6243
6768 7778 2764
55 2231 2098
3083 2270 3353
5396 4213 4669
7825 7842 4353
5462 6495 2077
1700 7247 5757
6682 7409 7528
1792 4342 4804
7097 7703 2338
6958 4589 4395
7411 7153 4415
1786 122 726
4304 7242 4189
3200 5733 974
4768 2277 6901
1276 4247 2511
1754 2854 3969
1405 708 392
6274 7047 2925
2894 809 499
4145 5381 7304
3274 3088 2103
5327 842 5632
210 5570 4602
5595 7501 6898
6288 4500 7122
5484 6366 3058
2359 2435 4392
5837 3264 2408
448 1285 756
6177 6920 2756
1370 1505 2577
7932 4344 4843
4703 7533 690
982 772 6485
4927 1839 4826
3051 2657 4145
2522 7051 5036
164 5489 1735
4729 6822 1518
4625 4232 5698
619 873 2740
7785 3061 883
5103 3991 4386
5329 664 3098
4857 6057 430
2236 4307 6731
1185 1756 319
2681 6383 7465
3027 3583 6451
3322 4717 2222
3340 6115 6402
5341 6386 7046
3649 1678 582
7186 5127 3261
4267 3650 7727
7378 1080 4914
2819 331 3953
6995 1422 6983
2012 5036 3713
2997 4338 372
6298 6044 3808
3305 2280 3352
6695 3585 3046
3226 1926 7440
919 3252 1928
1698 1733 2120
3812 206 4201
6080 2606 6220
4295 7164 2465
6858 6049 1195
7935 4328 5814
1003 3817 4526
7681 3903 202
2955 3189 3812
5595 7574 5879
6080 4253 6891
4914 7400 4260
7325 2107 476
1234 6811 2859
6321 3621 850
4848 5675 5091
6958 3118 3226
1535 1625 4031
6687 5818 5570
2402 3954 2373
4540 7899 5913
1632 4883 6086
6241 7051 6793
2190 2026 3629
4817 1498 5272
62 1321 2280
6796 5715 7990
1192 3939 6145
5052 2612 4337
1658 7192 7056
6994 3415 2922
7841 6069 65
5694 6609 774
344 1828 6699
7679 2126 2285
566 4223 6543
3994 1259 4918
380 5060 3265
6271 2682 1568
1813 6592 4565
565 3131 417
4511 5711 1215
6774 1290 7620
6013 1390 3280
289 2953 2402
4361 6128 885
1658 5180 874
1880 3023 4582
2030 2613 3145
1796 481 4514
3573 7661 1578
4179 4134 421
1488 432 2317
934 3748 528
2062 7224 5340
3480 4166 1932
1467 1676 4510
5077 342 1830
3610 3416 4487
4293 1084 332
7597 4825 7876
4024 883 1397
2530 154 5174
6277 1582 457
3725 5526 3659
7878 2236 2711
6420 6085 6562
7241 1810 7913
7832 3473 6291
718 2599 5865
7162 6883 4227
6258 1406 405
3172 7047 5100
104 3364 6416
1412 2970 6268
7772 5264 4991
3697 4010 5726
3146 1527 7651
7784 4056 2421
7920 5791 2519
4569 7586 2508
5911 4968 340
814 4221 1210
4247 4395 1812
3943 3608 2791
7729 641 6920
3572 6198 4593
6240 6208 7073
3068 4860 2887
4992 6644 4392
2906 6766 214
2149 4315 5252
4447 7065 2617
7326 4850 7464
4782 7950 454
192 3939 2298
5604 37 182
6802 6232 7264
7617 4757 7258
3912 5198 4614
6662 5543 7381
5155 4299 4650
7825 5019 2670
2651 1348 191
7389 3907 7225
6624 5480 6919
4373 2348 3420
5485 4010 1783
6785 1782 3114
7546 6257 1506
7952 2288 1605
1698 297 1937
6760 1034 1261
2969 2134 2616
749 6350 5586
4122 1601 3363
7991 432 2558
636 3421 7628
5638 3072 1003
949 4953 5975
616 4662 6857
6867 2145 7458
2962 6879 49
4626 2065 5485
4279 5196 6335
119 740 2983
5897 2737 5971
7829 888 2220
2008 2440 3980
5789 6152 2439
2300 3477 2707
7233 377 478
3249 1880 3887
2475 6643 2517
3751 3849 1534
3865 7146 3140
745 5464 546
4635 2022 3620
2768 7432 4887
6784 6390 5671
4275 37 1716
4224 2020 3897
2903 1274 1444
2694 7922 366
1642 730 3907
4431 4604 5059
3214 7550 3766
7232 4778 5405
296 3809 3729
3359 429 2810
4723 4685 1697
3555 609 2527
5784 6553 2198
445 2244 5265
4249 1602 842
729 6631 4852
5224 1989 4099
2756 1756 4084
7554 5125 6182
3994 7500 2878
2299 449 1881
6362 2897 2874
2528 6552 7212
2793 6544 3438
6237 2894 2190
3161 663 682
1137 7607 6596
7788 2832 6854
3190 3637 1949
199 7339 3528
5214 6963 7956
6860 5018 3559
5187 4713 44
3438 7492 639
6693 7654 7496
637 7343 5534
1765 3892 124
4324 5964 5414
1216 656 7605
3252 5175 6689
1066 6120 2136
2306 1017 6701
6194 5299 3814
4840 2258 1757
764 4971 6142
2624 4931 4231
5272 6614 1605
621 4179 4744
7209 3048 6469
2385 2681 6381
4401 5726 6062
3988 5642 6348
870 6297 6921
2019 2194 4048
2521 6877 2063
3280 6735 1859
4378 1215 2546
4077 4022 394
6432 3308 3244
6050 169 2895
1737 7582 2563
7272 3687 2545
6880 6301 4998
4299 112 3105
7183 3616 5125
7739 6126 5508
6785 343 6714
6182 6192 2115
704 1707 6763
5758 1547 2577
6922 4093 1274
6728 1607 4903
7261 5511 2286
1502 5408 4474
4446 5005 1920
1837 6496 5987
2900 116 4142
7104 2206 7275
65 5720 3915
7404 7548 3662
6112 209 4234
3347 983 3168
393 1226 5449
5095 3611 4782
3480 6884 1721
7661 2430 7284
2554 1018 4580
1840 5143 7851
1126 4916 988
5549 4586 3317
3864 7026 3807
470 1667 7824
4181 510 6133
3434 5448 1082
2910 7752 2569
1163 1261 6219
3154 1875 523
1663 6296 2649
356 5894 4812
6335 1363 5807
3016 7237 4200
6763 5142 7938
3162 1590 2548
4836 454 3091
1092 640 1429
2635 6394 2273
2807 225 740
5030 4037 6232
1460 2645 3294
870 2553 925
4255 1782 3449
434 130 941
6123 6154 1655
451 677 4938
2861 3538 1726
3403 626 4056
5658 3777 4975
5731 5593 2501
6386 2204 4446
3297 3067 3333
2184 6656 5428
6809 1410 2448
3576 6722 3591
2586 7810 468
1107 2145 2868
1025 2204 5718
4429 7206 5851
7820 3198 5850
6557 2601 79
1671 3910 1612
7527 1053 2949
6910 2063 5624
5372 4341 4289
1108 1338 4057
7322 7366 201
755 5333 7843
3759 6300 3033
6084 7124 2253
1263 7761 7705
7479 1442 864
3854 4760 158
3976 778 1876
839 7136 5496
226 2287 6241
2501 355 516
624 6339 7863
1076 5580 5965
1196 996 115
4859 5807 485
1536 6088 2746
3441 1180 4404
6701 1573 2628
6393 7208 7957
5608 6554 7391
2504 6414 5067
6095 1884 2882
3729 5046 5830
2272 4806 7224
1900 2146 1525
636 2653 5626
401 1459 1821
7399 5154 6809
1512 7437 1466
7680 2398 6113
4680 1736 1275
3649 3924 2521
549 2173 7024
7545 369 2370
598 174 7045
1660 2923 2177
6135 2641 2531
108 7345 2483
2330 3437 1997
7304 7040 6849
672 1115 7016
3825 2092 6088
4804 2045 3997
2882 3992 5580
176 7533 3887
4617 4209 2241
6914 3392 2974
3255 2869 6088
3989 7202 1817
7857 1720 2590
3171 7584 626
1823 4427 3626
1563 5461 5155
4912 3725 3380
6860 7337 2169
1140 4662 270
5250 1939 4927
913 26 2582
2254 35 1557
7731 1062 2560
2586 3288 2040
5641 7492 5352
3445 6527 7158
7910 5580 1163
3600 4563 7581
3903 4929 6492
6505 3224 7093
2571 6309 4493
2087 6363 1995
2941 6970 6664
177 2238 2755
7046 3358 3143
6939 7164 2237
2889 2956 6738
6060 4864 4845
5757 4857 2541
206 6423 2372
4742 1075 3812
1493 6128 5112
492 1380 7205
1338 6824 3368
5880 4051 346
5945 7472 4969
6754 2635 2009
1482 1789 491
7486 5541 5262
5292 228 4388
951 6178 3543
7818 5707 7622
6560 2141 1064
2492 2525 265
5640 5430 440
5546 1484 5953
2547 2900 5622
1664 953 5234
6278 6791 5816
4701 7954 7480
3427 2690 7663
6233 7981 2096
6474 191 6699
2855 6617 6273
4114 3548 7264
7755 7016 4881
87 6235 3554
4413 3137 5651
4911 520 6207
664 134 1648
3988 5991 1783
3403 6458 5310
3107 7046 6299
7740 7118 1257
5755 4308 1479
4815 979 2084
2181 7866 2605
7338 5286 7322
1507 4734 3021
1070 2499 1889
2624 6178 5293
5545 3367 6933
3361 3113 2031
2655 7361 6979
1088 5205 6491
5314 123 4093
3531 2884 6782
6665 6053 3133
6885 2072 6588
2127 5776 2985
1447 4653 4126
116 887 5442
5741 3764 2966
5323 2125 4661
774 4601 585
1400 4378 1836
856 4372 3161
6306 6676 7749
3608 1177 5965
5823 1920 7572
2949 3305 2282
1438 225 4704
6323 215 360
86 4876 5763
1369 7160 7570
4222 6728 3276
1487 6587 6068
1781 1825 2697
7824 4510 1903
442 217 4363
6812 3960 6874
3166 5389 2786
6768 5140 4009
6992 7178 6073
7852 2488 7054
6047 6176 4167
3353 1805 5431
5671 4741 2587
5593 1163 1348
6177 5566 3277
1244 2350 3785
6833 5825 7800
648 4763 3967
2366 2380 872
556 3796 6652
6757 1144 4043
4686 288 6325
364 1289 3263
4938 3616 4837
7679 7559 4442
7331 7154 6885
4033 2479 6149
3638 6959 6066
7687 434 457
3323 1312 5349
2347 5979 679
4870 0 7244
2886 6296 3514
7627 7765 7509
1474 4971 1433
3905 4771 2860
2047 6681 7174
5102 2937 7549
1242 2854 1831
6955 481 298
6233 3536 2337
5087 391 2128
7731 444 5814
5996 5415 2950
4645 7911 1037
5762 792 3533
6146 3237 7593
4924 2690 5842
3204 6580 3973
4463 2827 657
1945 2667 1820
5586 1053 4152
6510 4395 3537
6542 3612 1911
2865 4964 1233
2048 3761 1531
503 2914 1936
6784 4059 7338
1479 7548 1841
2593 6005 6605
6641 912 2859
7965 2821 192
5121 5026 7383
2548 13 2694
2691 6409 588
815 7380 5176
5273 4898 7589
3079 6073 6468
4500 5847 5184
1107 5027 4329
6597 4461 2328
6495 6282 4548
6612 1283 4478
5551 5513 2405
3257 2696 3378
1811 6302 516
7100 3275 7766
6552 2266 6627
4617 2104 3001
4671 4175 2423
6035 1820 7529
6712 6730 4854
4002 7026 3654
1289 4808 2907
2711 5594 5104
298 3324 7740
6456 3212 5771
4501 2309 4973
7947 667 4711
3829 4974 1319
6940 774 3101
6228 7782 2782
6478 4774 6537
5724 7537 3868
128 6935 1486
7637 3411 1665
4421 6559 4487
6745 1694 6026
4171 6823 3619
5431 7356 5196
4204 2905 1074
7194 3919 1087
6435 3341 6088
2538 5398 2013
6904 2809 6621
872 4461 1677
4003 2133 1105
835 2122 4623
6503 4212 7551
1092 6923 7985
2542 5643 6496
7571 4425 952
7414 6111 3775
2521 5000 865
3632 1751 4396
123 1124 5521
37 1868 4903
7927 7529 1203
7451 820 3027
6890 5446 358
7807 7475 5758
4692 90 3285
707 3414 2616
4789 4270 7607
2329 6892 6494
2041 1189 1468
6742 7909 1837
504 6567 3293
348 7733 2654
591 5980 2855
4928 2476 3783
2138 4612 7487
4752 2063 7846
2898 6653 6281
2013 4439 6732
5443 5322 2464
2999 1444 1564
1835 7259 7103
4482 2705 1969
5917 1177 6748
2145 1679 6249
3317 4065 1663
2029 1576 5902
7654 5801 3969
4598 7005 6408
2569 7500 356
7054 4410 2719
6651 2315 7704
3797 5923 4784
716 5689 2497
2670 4021 6625
2269 1386 4525
464 6351 2922
2469 2402 3196
2649 5518 1283
4805 4113 3182
5312 7199 5570
6636 4621 4662
1188 7241 3574
6704 7787 5341
5853 1201 1767
6877 4131 3382
6879 7365 7741
4462 6600 7910
4642 5226 4589
4770 7419 49
2076 5750 4571
7479 3377 133
412 6925 3811
6666 3176 1978
2813 1066 6599
4241 2113 3161
2346 7406 325
5377 7012 4452
1040 5108 3596
5799 3479 1815
3522 5134 3166
5336 7801 7765
7577 3739 7936
5349 2788 307
1264 4959 5064
608 3794 2743
6994 784 3327
4712 6322 5953
7717 6399 7095
4675 1375 2908
2024 1559 1357
2837 95 3855
4851 6477 3953
726 6976 7503
6383 5668 5576
4339 491 5024
5440 730 6293
2227 4333 7242
1724 6657 7954
4304 3023 7229
7028 7211 3316
2551 921 1719
6805 2209 1401
4064 957 3424
5290 6835 6768
1871 285 1136
7922 513 1813
2419 1843 5343
5789 3935 693
6266 2697 2461
353 4924 1214
1688 2711 4106
1602 3167 1848
6437 2916 6356
7473 5847 3824
1765 1202 7796
5401 3199 6952
7098 1185 6695
1103 2453 323
7243 1634 5917
5737 6166 7483
2888 2695 887
1301 625 6266
5024 7082 1846
1870 945 688
5206 5867 2442
4597 519 300
6513 5984 4515
3614 7123 4037
3475 6101 7369
5708 7439 4472
3718 7130 4730
3108 5284 4463
4879 7899 7060
7602 4791 7806
3270 1351 1763
3085 4458 7635
7150 4676 4584
4542 3523 3424
3370 5108 865
6980 7425 5458
2849 5167 6771
4973 5969 6542
1938 1069 4351
1683 110 2169
2731 2435 4193
1946 7833 5152
1881 7965 5965
1130 2119 4223
652 3499 5200
1342 6728 252
4719 7689 4044
5459 3739 5738
216 3421 178
6 254 4504
7812 7605 1403
5462 786 907
2746 6888 7341
592 823 6025
1223 4373 4764
114 4057 6074
5355 5550 3651
4047 1695 4317
1823 4752 6590
4984 6837 5336
3300 6350 1596
3382 3712 7408
6414 3837 5343
4950 5993 1220
35 5355 3029
2549 7722 187
7708 2573 7467
7018 2094 4727
3497 4290 7648
450 1051 4452
5361 104 5397
1456 1987 2205
4585 4343 5729
3333 3519 7118
7934 6461 4880
4190 1523 2948
7656 7802 5302
7056 6169 1959
7498 6099 6791
5685 3271 1816
3458 520 6282
1921 1811 7431
1326 831 555
2148 7811 4351
3715 2514 3431
5189 2934 1474
4283 6763 4177
7073 2651 1347
2533 6329 5732
2167 3085 1307
5760 4459 6176
4179 1698 5424
6042 7740 1837
3541 1284 1480
4334 2419 1317
2758 2715 6173
5270 2324 5564
1197 4503 3971
6963 4034 4568
5250 3654 4543
2957 4731 469
7623 4278 2309
2156 1020 7485
4999 6635 3738
4409 5224 5190
3451 1913 281
304 17 1903
2817 4274 7925
6182 5270 5962
2103 7755 4158
417 6049 2042
6880 258 1399
7537 1101 3415
6162 531 3434
3005 5668 5256
32 476 7656
5328 7686 3916
4792 1958 2400
7041 6855 833
4112 3392 3084
3108 4239 6278
2067 1930 7182
4320 1182 1890
3702 7298 5791
3734 3223 130
2906 79 294
3650 4080 4712
3617 6454 4299
1042 917 7814
1554 5838 4789
5271 3661 4270
3232 3049 2050
6783 6772 7487
6199 1121 1937
66 1288 3778
3281 2292 189
1321 3602 1753
5746 4471 5746
5652 3781 4027
1518 2104 4923
5016 544 4770
4526 988 7730
6168 5239 5428
6599 7618 2984
3121 2421 5241
3719 7658 4559
1386 4020 1223
2655 2243 5157
2126 5814 4440
503 6348 1807
4551 7118 6903
3263 7064 7036
2036 4183 1093
4960 6816 354
2783 6715 5739
2682 3122 5850
5883 713 3358
479 179 5406
4992 3107 6631
2539 6937 4906
841 4889 4820
2460 93 2834
513 6426 7362
4495 3038 120
80 1141 3607
5051 3556 4347
1115 3633 4806
7865 6818 329
7968 1874 4490
1128 1104 1832
6270 4544 3775
3282 7842 4369
2072 4621 1355
6804 95 7219
2881 6990 4207
1896 6103 7206
6968 5699 384
5822 6796 1226
515 7935 7123
1504 4904 4381
5236 1118 5782
3805 3658 565
6573 3110 6
2355 3566 7808
2012 5512 2051
6563 1785 4362
6371 2190 3743
2411 7313 3731
7123 2018 4608
1536 716 6802
4826 6602 3565
485 4480 5435
7644 73 6627
2722 5712 1199
3761 7696 6454
6740 7615 6497
4552 4319 1088
6067 5324 1168
5530 4596 5536
663 5293 5129
3263 2706 2762
5188 7661 1588
1719 1623 7802
3787 5318 5710
4184 3110 2427
3539 5906 3293
4277 1054 3622
4474 3832 867
1195 4755 5928
532 3454 3421
7316 3204 2810
7329 4488 7671
6739 122 6839
3039 6955 6643
3797 7097 387
2940 4885 4057
6141 4218 5925
2148 6307 1112
4608 3144 7417
3643 2646 7818
2262 6635 3466
5285 750 435
5969 631 3804
2055 2745 700
7255 5469 3599
2797 4994 550
6662 7269 7944
5641 1959 6249
1688 4222 701
5526 6067 4332
761 5459 6615
6996 229 5438
132 2352 5532
2052 1130 784
5831 1560 3260
4216 512 6140
5392 7262 19
3980 2693 214
5330 2218 7845
4416 6492 3220
1531 2827 2181
6470 2320 5316
4648 6297 2227
7112 6315 1946
5802 5108 1849
555 5780 1634
4985 281 3905
2083 3147 7959
1066 1960 7245
1394 5939 1471
5502 4043 5951
5358 3402 55
7463 3215 3124
436 3836 6587
7690 5917 7407
5223 2299 2915
3241 7600 6234
5497 7739 4025
127 1080 4011
1766 7822 5917
7083 7439 4778
2876 7628 2762
3503 3421 3234
1465 6946 297
4834 5684 7921
4309 4762 6381
5444 7906 4454
6091 2979 3768
3254 2458 2944
4493 1052 6190
3821 1192 6954
2980 4114 2026
2938 1158 996
1153 4938 254
7213 4387 2858
5406 3650 1136
100 3505 1425
4728 3288 3869
3433 7447 4090
1690 3387 4084
3335 742 1950
7908 2725 4787
5729 495 1759
5987 2853 4373
2122 1396 4562
7368 793 4313
4486 3840 4499
755 5972 912
1239 2277 6152
2816 2787 1488
3794 1920 2052
7820 966 6877
3935 2437 2763
2365 6207 2825
5742 1172 2098
7283 4224 346
3181 2192 2057
2968 4072 666
4392 2456 3510
8 7199 4582
1613 1089 5614
1984 3192 4943
257 5974 3268
1908 4931 7640
4085 7593 469
7952 391 1994
1036 316 7033
3967 5226 4
690 5632 2034
4955 2299 2555
6939 3117 2485
3491 1007 2664
3097 7517 1479
7572 1647 7839
7100 528 3381
4248 5908 2018
4053 1322 4481
1697 2083 2869
3431 6204 3602
2055 5649 4882
4865 1412 3563
1964 721 7956
1261 7620 3359
561 5350 3551
5220 5607 2054
4698 2258 2496
990 6623 3556
223 2216 2873
6369 4804 4243
3846 4244 4973
458 7645 904
4761 4145 1045
2428 457 2192
5223 7598 2216
1522 5128 1831
1846 2153 2038
4882 3361 6374
7760 2708 5355
418 744 173
3032 726 63
7609 4767 5850
2756 5412 4292
7230 5001 2446
4952 6828 5587
3775 649 1649
4854 2674 1603
3585 4605 6795
4556 6171 4013
5712 5130 2472
4530 1111 1364
2243 1566 1865
1161 1019 2564
7989 7929 4319
1640 7100 5112
2810 5760 779
3037 918 1169
484 848 2624
6942 4090 2606
7911 3778 6251
7213 2068 3796
6753 5196 6314
5527 3628 7701
4171 4557 2993
4794 2428 3571
7055 482 4842
2112 6775 2742
3589 6547 7160
4574 1725 400
3167 154 4319
2117 6938 7186
3405 3794 4928
4911 1150 4735
3062 5669 2813
6380 4416 377
4482 1048 5519
7875 4592 1849
5409 1070 3760
3958 2023 6209
4807 3376 1841
5416 5683 3416
7163 2178 1010
1473 3417 3890
4380 1365 5597
5164 4863 523
1528 1875 6593
4272 4522 5664
7617 2354 7090
87 5101 5707
450 3503 2332
82 6857 2755
5496 2248 4294
3511 6400 6631
5988 142 4040
2025 3034 3399
1283 3622 2339
6485 3584 6215
1431 3978 1979
5679 1212 2545
1832 6476 3341
4540 1691 5565
835 809 6346
2570 5972 354
5898 4334 472
6506 1777 3374
7599 4526 3674
3374 7885 3708
204 1599 7081
2458 6576 2400
884 5233 2353
5454 1419 3946
6995 6034 6377
5465 3331 4572
4978 4799 1585
2403 5531 621
7927 3023 7450
1729 1142 2267
6572 2787 3875
2612 2677 2455
3391 4177 4368
837 3061 3872
7393 3208 7868
1934 2567 2626
576 2581 3537
4747 5263 7928
5646 5671 266
2266 2873 5363
1087 776 2881
3773 6686 7238
88 7894 1009
3833 3858 853
4974 2011 1656
6824 6385 1410
21 3899 5655
5122 1820 3255
4815 429 7111
5446 349 3490
1812 5750 7170
2374 905 5435
2160 3368 2053
4704 3560 4651
5447 1300 1908
3295 4829 7754
6530 5082 4867
1981 3514 3898
2742 5008 7256
2321 4427 3522
4255 7482 4365
4525 2097 2528
4859 1115 5818
4224 562 2260
4425 85 3064
166 6291 2951
4666 3961 4707
5863 4985 6177
1378 5539 257
2414 6559 1468
3110 1517 1032
6930 2825 1109
62 862 6350
5643 2620 7912
5807 6598 7130
3823 6888 788
5302 7479 5349
6439 5126 635
3826 7207 6794
6348 6875 6986
6499 6786 597
5900 1444 3683
5896 7444 877
5703 4174 3962
434 7233 4925
3085 1367 2708
7884 5630 276
6598 7432 303
1830 6497 133
4024 4541 6144
175 4896 6571
5807 2817 6774
4616 2172 7706
3738 7047 6436
7804 1409 5179
509 2501 752
5606 1320 729
5669 260 7582
4854 102 4814
6865 6690 5100
6130 2263 2501
7612 6818 1338
180 7491 3685
2855 7402 5428
5041 6126 273
7610 1270 7554
3724 3224 4044
3816 7949 7963
488 7482 6617
4917 2200 1190
3625 7214 4730
6796 6245 3510
1071 2152 6507
2854 6442 2148
863 643 5959
7467 4044 1233
5372 4824 2359
3840 3492 5579
6749 2447 3042
3529 5644 3142
5831 5440 55
5841 3684 5014
244 7140 3214
6141 6754 3002
5298 3313 5658
7199 6909 5937
5941 1125 4826
5807 2381 6023
3088 4979 515
573 7140 3922
5270 6434 565
4798 4039 1490
7930 3983 3153
3417 4712 4803
4616 7223 4965
1824 1723 7509
526 763 4567
3821 4560 897
5440 3818 147
3162 1825 7862
5112 4241 1783
6891 344 1722
6456 4948 1583
856 6345 848
1019 46 2001
1182 3588 6405
1013 1990 6409
926 4340 5844
6020 6780 6557
7840 6518 4761
6548 4067 7718
3829 5315 5058
6640 4805 1896
7797 6309 6015
2939 237 6155
5355 3758 718
5613 1232 34
4343 5324 4500
981 1762 4884
6325 160 904
1518 7656 5568
2960 5377 5048
2607 1113 7123
2496 7156 597
4896 3597 5828
1809 6952 2800
6368 159 3410
1957 6036 1122
4487 4038 2726
5714 6170 4105
949 2352 422
2089 3118 4158
3680 4081 7635
3777 1302 4404
3868 718 3710
921 771 7492
5024 2676 548
4652 3787 3852
2343 672 7554
4298 1755 2801
5894 4815 2113
5855 7086 4920
249 3562 3212
4246 413 4646
1461 5840 7906
3487 1020 1481
2080 2152 2001
4218 6690 2314
4501 7188 6891
3680 7910 2189
6391 6058 6995
4184 7216 5743
238 3892 5923
1831 2490 5239
5462 6585 5518
3596 7413 362
5108 5972 5979
4138 724 5230
7480 1874 7912
4453 52 3842
7575 4751 1617
4305 5662 3791
4932 6661 2452
7671 2919 3014
6698 490 6572
6043 3000 4575
3711 6444 5411
2444 6595 3193
1243 6662 5108
1383 6539 3526
2915 5110 5393
968 6235 855
4850 3371 3655
1861 7804 2675
4221 6687 6593
1995 4803 6541
3637 3805 3399
4192 4173 7694
5363 5755 480
2640 7776 5785
101 2883 3373
787 247 7670
6036 258 3950
2693 264 7318
823 545 2821
6070 4458 5833
7854 4873 4005
7069 70 5183
4734 1983 671
5092 2710 3488
471 1197 6225
4539 1878 4001
6660 4709 6637
3264 1499 647
4592 3625 3131
6093 2861 1200
5988 2988 4855
263 916 2370
512 5139 2388
862 3526 3175
4370 3498 4979
5493 7045 5204
7536 5182 2405
2932 5299 2453
2209 5105 1938
3085 567 3327
284 668 4255
4715 855 3573
7469 7843 3612
37 6823 6481
4504 1149 1007
6817 6618 992
3743 1317 5552
7819 6755 188
5693 2157 5009
5165 4935 6773
165 6397 1965
2074 6602 5949
6404 5556 2748
6483 5476 2671
1362 5215 6
4131 4697 6878
5256 825 7065
6182 6385 2580
2241 5039 7497
967 7100 5954
1811 3726 6879
7983 4949 2891
3852 2294 1009
7358 2425 1221
6247 2305 1775
6529 4125 3364
315 904 4354
6271 7937 1660
6981 7599 332
3504 5489 7074
5482 3301 668
6927 4393 5350
3356 5622 5105
7536 2351 6203
7295 6731 2073
7025 5128 2497
5280 6044 1094
1071 5850 4628
1090 904 565
68 7006 6052
2332 4875 157
4952 6400 3340
3325 3067 2506
1977 1318 847
1529 6526 2404
5451 6271 6622
7994 4356 1768
4255 163 6801
6646 2660 1017
5828 7215 3289
1620 4919 7937
1953 3983 1696
4697 4789 3508
7917 387 3472
3717 5902 392
253 5860 4442
4414 7702 756
3874 5333 4364
876 3841 5571
6612 4263 3709
500 3829 5588
1405 1789 2346
6992 56 1291
3897 4078 5803
2317 6393 5884
1157 4368 4456
2480 5885 7336
6306 3128 2061
3716 5010 1192
2062 2558 7777
636 3541 1141
3502 3077 5109
2574 4850 4166
3207 2569 2398
5769 6846 6944
337 3098 7921
4959 657 2636
2138 5653 3639
5597 2280 4716
4011 1784 232
5780 3464 7777
488 2745 4775
524 6806 943
5846 4573 3881
6765 4096 6095
6293 5237 7625
6833 5349 2951
2443 4702 7145
2417 6338 5035
5534 4320 5482
5063 7653 6585
1932 2596 1742
4537 36 3893
7311 7115 7495
6270 1292 939
6468 1263 4999
2264 4720 4334
6142 5973 7147
1081 6058 1869
6536 884 62
909 6198 7628
345 1276 6412
702 5848 6653
7407 2125 63
1058 6781 2488
4722 561 767
765 5899 3236
1283 1597 4088
5605 1332 6200
5823 4524 4508
3134 4837 6880
4229 3046 6281
2491 791 3136
68 5815 6083
6650 2563 7126
1018 5234 2035
5643 1865 319
6903 7304 200
3557 6388 6349
1233 3902 7468
7835 2018 4467
7282 4389 3858
7448 393 7525
4468 6143 1406
2057 4462 5271
2534 885 1768
6959 1538 7963
2059 2547 5971
3349 1346 4494
1793 1167 5597
300 4662 5175
5251 4734 7470
5763 7597 3709
7941 1375 909
1414 7805 2413
7723 4661 74
7496 2744 7954
1033 2077 3339
4981 3026 3100
5488 6090 7237
7001 5252 7973
1275 2846 3016
7122 6625 6143
3196 411 5669
3994 1917 3761
7897 1161 4895
6284 464 1327
6617 6320 3627
6009 3603 5948
7502 1905 6107
2628 6885 6977
5014 4156 4426
2358 3218 574
202 2084 4837
3336 6982 480
4300 848 7648
4736 7750 3339
5697 6958 1504
2729 7184 2922
6958 7995 2831
1807 6662 6171
6317 4617 241
1229 5480 6828
3468 3774 1374
5772 278 3720
6853 4862 1378
2991 5942 2926
3109 2177 1273
6664 5152 2025
4729 7481 6894
499 7769 5083
730 3038 4414
2585 6719 7606
5915 5759 1798
2781 1208 7862
4656 3596 7464
5407 4058 6753
1906 5632 6496
6520 725 7856
4536 208 3348
6377 7482 1738
2570 994 7966
5982 822 7471
7143 3406 7663
3937 2542 5200
3587 7454 2005
2380 585 1307
2349 518 7077
3408 705 417
4645 6116 2511
969 3243 4228
5784 3780 7866
6345 3930 5053
4088 5433 7936
4782 2119 2414
1224 578 1204
6184 7497 2818
3695 4716 6527
1432 1428 7145
825 5429 5202
1191 1706 4695
6344 7160 2084
1234 174 3144
5431 661 4568
2269 1686 5507
5343 7343 4224
7358 7800 831
4281 2537 5877
5817 3074 5493
2754 6107 6343
2331 7573 3265
6040 6081 4400
1291 3892 1767
80 6730 4521
1354 2635 7769
410 3611 2676
4440 7002 4497
2040 3114 6320
5574 1232 6231
3903 982 5429
5737 3219 6610
3845 1299 5011
5178 7515 4362
7943 7578 6738
7591 910 614
4318 3571 2466
5770 4051 6275
7729 2175 5625
4055 5314 456
3686 3178 5480
3490 1360 4633
1034 459 1087
5120 2159 7204
876 3429 65
7764 665 5841
5681 4046 1708
7606 5022 1316
7474 5930 7571
3233 7986 7808
5946 6217 3491
3724 2682 854
6146 5802 5865
7150 7540 5935
4752 4948 3238
2866 1173 5099
5731 3873 6842
4015 6103 2082
2211 4779 4424
5574 644 6475
4636 3172 5414
6143 1821 1775
1055 5373 3371
7112 6079 4026
1679 5320 6148
2328 5826 1773
4304 715 5800
6637 4519 6601
3465 7610 5236
5151 3099 906
7195 7169 3997
7222 430 3474
1408 6270 7646
1421 3809 1377
7475 5841 3999
2320 4834 1771
3071 5113 4466
4662 6801 6552
2482 1287 5434
6900 2448 1991
7770 6693 5206
5938 5713 3701
4314 7430 5606
6758 3873 582
1990 7321 2528
5183 3733 6842
4616 2981 4846
3265 6243 3857
1760 4666 5894
6795 5429 5831
1379 3286 3020
2308 6022 4696
4619 1287 7719
1865 3017 6274
2914 1657 699
2382 4264 6531
3126 4794 6275
7794 1142 7643
1629 7357 2322
6109 4535 6794
4350 1063 4379
1607 1308 3597
4926 1347 1887
3673 2195 7276
6277 1177 4464
1948 2117 4818
6442 3545 4081
1153 2441 4917
2765 4288 5473
1762 4012 2714
4441 207 6170
1748 5152 3385
2635 1211 543
4453 1926 4085
5487 4605 3859
2820 5066 1549
5708 887 1817
1658 7362 762
7711 1420 7203
6824 3352 4985
7115 1197 1162
7992 4111 5549
3446 224 795
789 3099 5676
3604 296 6755
6527 3503 4556
6638 3406 2648
6183 1161 1229
6345 3088 5142
2378 3782 7049
2482 5765 619
1286 4623 6273
3070 2026 2100
5296 6590 1745
61 3631 4074
3733 6732 1477
3457 7288 7661
7949 1918 4807
4076 4857 1948
1783 6541 5732
1995 857 336
6008 3848 6945
3051 1632 7793
3704 924 1966
234 3245 1152
4651 3729 1626
720 5543 7331
5723 6473 4568
1723 6693 7635
1581 6373 6199
3659 4777 161
6612 7369 3842
728 2073 4635
5889 7866 6763
3007 4706 7598
6980 2332 1667
4131 7246 2873
2890 2755 3610
2954 5992 5645
513 6312 5790
4848 6337 5231
6947 3550 7502
4222 2342 2854
5325 3937 7101
4905 6641 5301
3987 7368 676
3419 31 2122
428 5822 324
2627 2573 7643
3273 7650 2021
4765 3931 3665
7162 2305 5561
1655 3360 3033
2126 5126 7112
5206 1283 7402
5584 7779 2426
4279 2465 5922
1435 5037 1469
368 4826 5355
3639 7063 7096
4734 6122 6249
5225 5829 7296
4398 4618 2766
3080 1662 4805
7381 4162 6101
3748 4046 2779
5051 18 2563
7879 611 6763
541 7019 4097
5260 5463 4293
1862 4040 4508
2931 5975 6305
6823 5651 745
6411 3815 2741
1789 1456 1319
1469 5927 4623
3200 4571 7055
3029 4985 7551
1037 1346 5438
1007 4304 321
7463 6280 1433
5825 1478 4621
1679 2687 986
6445 4901 7338
2939 7556 855
2488 324 1640
325 4488 282
4718 5011 5713
1722 3197 4429
6341 4124 5925
4920 3563 908
1066 4536 5329
2309 2481 6222
6565 1631 1665
5837 458 2650
6850 1566 256
51 4680 7361
4803 88 5991
884 4407 1675
7017 821 4274
4564 533 4754
130 2740 2058
964 2912 5340
5787 3568 4085
7196 413 4452
2257 210 3318
2651 2920 5285
6236 5380 6005
6808 7227 40
445 4024 21
2852 7883 5783
4788 1977 2012
4188 2229 4608
194 494 3085
4013 5466 6475
5976 3128 3172
1114 1409 2452
2649 19 7500
3150 740 4828
3010 7305 4384
497 1167 6983
2179 375 3607
2580 7305 6516
7531 1027 16
645 2936 5047
6182 5076 1821
3919 5209 230
2994 24 7352
4505 914 7368
5589 6908 1083
3025 5840 3378
6330 3322 413
2948 6561 2468
2729 2482 1037
6322 4074 5934
6108 7365 1205
1890 1314 1188
3559 2851 4534
4804 1369 3899
7685 6910 5902
2504 6283 5429
4715 1008 5303
4607 5562 614
1431 4585 2282
711 5914 3024
2869 6653 6965
2095 1108 58
5882 2027 6973
2346 1555 1535
667 317 6638
4244 1691 987
2400 386 4404
3852 3154 1601
2451 4757 4765
1392 3512 7058
574 6515 3911
2427 4740 1817
448 4914 1903
5225 7552 7148
5566 3204 593
5523 3537 2650
2696 0 5362
4897 4461 6203
1772 6952 1052
7864 7188 1985
1195 2988 7426
5248 4606 1926
1260 811 5316
3565 3719 6623
2405 3953 4978
3664 7560 1728
3597 4986 6570
3997 3115 2970
743 609 2453
3249 3507 5864
1140 2821 2015
278 647 1522
3854 5047 5345
5057 5238 6793
2523 4030 1720
7301 922 7933
6374 1233 3291
2281 2067 7407
5429 2761 3037
74 129 6473
4562 6763 3544
4234 2025 5387
3 2595 7166
4776 1446 6917
3833 335 3851
3515 6460 237
7762 2264 909
1049 4968 6141
7621 7614 6839
5832 912 3351
898 7084 6329
5301 571 3606
4309 532 4058
5565 5907 5841
1691 7746 7354
1410 481 4694
2755 5449 6620
883 1267 7076
3026 7021 811
5014 3261 6343
7611 4295 6242
3386 7596 2604
7537 7404 1210
6093 2297 3902
3998 7709 5786
1745 3966 3819
3509 5136 363
3854 3476 6573
4547 3931 7414
6604 2633 202
77 7503 4513
6600 7786 5890
4623 151 3427
270 1554 1038
4593 2491 1431
6488 83 5699
7888 1142 7899
2440 750 4663
2497 7919 3159
1612 7826 728
4388 417 3116
1143 6037 3264
463 6535 1375
7034 3929 6194
2973 7350 3434
6446 2101 1113
4394 5435 5246
5536 5766 3292
2625 1874 5055
5546 2768 1730
4881 589 6346
5221 4026 2329
2416 1412 2376
7109 4061 8000
1270 435 6970
4382 6285 4335
6241 7295 3091
2532 1383 591
456 2022 5920
2620 365 6559
4813 4932 6429
7641 5150 7543
4950 2067 191
7934 2374 761
6895 3484 2927
7934 7409 5548
7400 823 4309
2935 3208 3337
265 3581 3182
825 5299 7463
5618 1822 4776
2445 3655 7672
7187 7353 5188
458 6707 7594
2546 4443 5466
6670 1915 507
830 4395 5192
687 1151 2005
2312 7082 4612
3293 3041 479
5809 6569 3239
2063 6552 565
14 2159 2589
4501 7403 2156
3954 3954 2234
5723 4412 3717
7354 6245 6393
1653 446 7760
7078 7407 1580
7202 1139 5673
3739 3921 302
4979 1198 397
2248 4516 6095
913 260 3817
6145 7466 3795
3705 4315 1877
730 6922 7755
6141 1135 315
5812 973 5606
5154 4430 3637
2115 1820 7552
4840 4056 536
76 3192 4210
3253 1880 6869
4467 3757 436
6071 1367 5322
3029 7659 5659
7381 1873 4263
3042 2281 1955
6755 1678 6421
1863 5370 3233
4285 2419 855
1414 6384 3529
7043 281 1681
2103 1405 6974
1579 2999 5284
2574 3322 5785
4469 6324 2460
7245 7978 6222
5755 6096 7310
6987 4520 856
4870 5271 846
998 469 3501
6875 5252 3541
2823 3852 1892
5775 6960 1242
6342 6336 3327
245 251 5866
5299 4893 6086
4992 7636 1763
6767 778 7728
1498 2303 518
5456 7982 1424
7008 7332 5780
377 2431 6203
3512 5370 4404
5275 328 6728
2052 7988 1425
6484 877 3882
7391 3358 454
7655 5280 6725
3207 6653 4479
1262 5627 5156
1549 4737 3147
7249 666 3419
3222 7080 4132
4982 4049 3377
4884 1428 4639
4944 1055 7141
4225 2193 4065
3109 7870 6822
5496 614 5016
2135 579 6147
4579 6140 6266
5123 3370 5998
561 6047 809
469 4197 4096
3674 2954 5050
5579 5764 7656
5292 5535 201
580 3497 4976
5359 7981 4837
68 1185 2984
6205 4636 1375
7176 4002 4310
4157 16 2330
3137 3281 7747
5200 3608 3429
1780 3327 3040
3658 336 1086
721 4388 2647
2529 2192 5734
729 6249 7243
3532 5125 245
503 1721 2468
3330 1215 6340
6405 3304 3188
3701 5879 2821
4168 4756 1863
6347 3152 3119
6803 3352 4081
7948 2755 4781
6532 361 7211
6119 1950 3153
5707 2704 2997
4993 5807 5964
4261 640 840
1712 7344 4185
2616 922 226
6609 1713 7473
2059 3047 3471
3155 6757 4226
6100 7260 3265
5852 7748 3460
4346 7841 3704
4090 6251 5705
5260 7136 7210
1015 6376 5376
7263 4558 2407
6008 3072 6270
4102 6980 235
3419 1245 5276
4705 3316 6391
2518 4285 1514
2544 5234 5955
592 3351 2825
2497 4954 301
512 6631 472
3074 1232 3119
2974 22 610
3895 6471 7016
1107 2667 1814
7396 5437 1776
4872 2188 87
6079 3959 1855
7625 5132 385
7930 1474 2458
5499 7445 7090
5746 825 3401
3478 4861 687
2832 6681 1727
2419 6707 452
4998 3815 3948
6138 5787 7575
6775 6591 542
1326 843 4544
2069 1053 3901
4992 675 1569
5091 6477 691
5164 1117 5863
4538 7094 1050
6556 2230 1541
6198 1061 2653
2001 2582 7593
2941 348 3326
2679 3397 5911
2212 6992 5597
933 2403 1978
928 3314 5947
5885 2805 1500
336 3779 3243
6733 4637 7638
4198 5041 243
3774 607 7423
4734 5270 554
5666 519 3447
3842 7940 6619
5903 4573 7310
4859 4310 6218
3421 4471 983
5826 5778 233
4167 5066 3544
1852 2977 2167
5402 6063 3529
3620 4298 3549
4326 2478 6553
3649 4169 989
2444 4698 6448
6152 7096 1158
4581 4763 3770
4844 4104 5072
1283 5865 7982
4271 7665 1721
690 1640 7749
7776 504 5272
5008 2087 7572
3451 5877 5845
165 5749 5055
4264 7548 5792
283 4248 2370
3379 7594 4231
399 2036 7863
5948 3197 6200
7976 2684 4469
1700 4285 2517
4181 7153 2820
5245 2823 1271
272 3488 225
7823 4890 2719
7409 2741 3518
4751 5622 7015
963 1979 7230
530 2112 84
1334 6979 6273
5766 2352 1483
5396 114 1152
6273 6999 363
743 5135 5717
6197 7243 160
7486 3253 2510
4335 7618 1398
6932 3230 4233
2150 4648 3659
2405 5575 1176
2167 5777 7457
3893 7287 351
936 1324 1691
2120 7237 6152
4545 6843 6248
1446 405 4536
5299 6620 4800
4615 3108 7015
2555 41 7323
6915 2588 2973
5640 6231 5975
2375 5378 4102
7479 1079 5903
747 6734 4086
2374 2414 1724
7877 7534 7219
5531 1962 3654
453 4155 4405
3378 7706 5887
3759 2235 3299
6308 7994 523
6486 6353 709
7784 2023 5109
5248 7539 6583
1976 5320 4523
7324 1375 4921
6675 2870 5540
6241 2261 6952
5136 1680 4670
2709 7699 4783
563 5040 7925
2149 1576 638
5227 2644 4488
6202 4628 4928
4576 2942 3129
5553 7475 1846
4745 6911 2884
3728 2187 5792
2844 7145 7558
3099 4651 3176
4845 2186 628
4179 2953 6414
4233 4508 3723
1637 5743 6543
3796 5132 3100
5211 7647 5435
4964 4556 4734
5127 7600 1953
3098 6026 3868
7971 2142 490
4776 323 3123
527 7560 5530
5409 5215 3402
1794 6567 6291
4117 7265 6737
3889 1566 6767
6246 1179 7097
3716 2619 2165
4672 7354 1959
5173 819 2126
2043 6280 208
439 1235 3482
1306 5251 7587
555 2855 6115
4826 6945 1946
6901 5077 1633
3411 6410 4052
3264 6497 3584
2490 2914 545
4115 4601 2031
4978 2418 2338
2638 6518 3140
3470 4407 5837
4135 4656 7063
1711 6607 5695
5511 6277 1594
4647 7475 6348
456 6309 6027
4364 5018 5958
205 4077 3154
2453 1352 6092
914 1122 6512
1200 1734 2973
7135 1582 7123
1666 6444 3395
6484 3111 1012
995 5895 3356
139 7001 7684
7654 1518 7070
5548 6828 6501
3532 3442 5399
1712 3419 4727
4371 6926 2377
6134 1480 5568
2803 2302 3628
3853 6986 2089
4877 3999 1529
1387 5481 834
4465 2175 1702
4418 57 60
5136 7105 1704
5056 3117 4942
3738 2459 2443
4241 262 376
4281 2289 967
6878 1984 3461
6580 1076 5774
7020 4490 2237
5692 4318 3098
5710 2463 4352
5085 111 4200
6535 5043 6580
7457 981 2579
2334 5979 7806
888 7077 6580
3952 5134 5255
1363 669 4872
124 4056 5569
4981 6155 7433
3628 2294 7890
2953 5892 2277
1592 293 5421
2048 6008 7810
3782 5765 3384
5046 794 7825
6324 3495 3730
7103 4383 2453
6438 4644 7870
4302 4694 5378
7624 1825 3989
2480 72 1455
5965 3528 5263
5198 5621 5911
1388 2877 4352
7806 268 2115
7000 5681 6592
2030 3867 781
7750 7070 5963
6326 2145 7435
2965 381 2184
737 1211 1987
2022 3571 4178
328 3873 3098
6227 7751 1632
3967 7399 4152
3757 4641 6922
8 298 2611
4817 4111 5397
542 5122 3161
6781 7775 1552
1434 2819 2641
7841 6110 947
182 1136 5993
4415 7661 4830
2846 746 7344
2589 2829 7663
4783 1753 3674
6284 7928 2792
5136 5831 5690
3909 869 161
4186 890 7286
3728 5394 5573
5876 4436 6564
6271 3629 483
2511 7473 6859
5196 5828 3167
4722 1438 5578
2152 305 1107
3769 4688 7928
1250 2300 7660
2422 4317 7620
6283 3355 1387
4375 5902 7467
4348 7023 7299
7705 5086 1479
3106 179 5330
7326 2251 2874
7531 1447 7206
3479 3409 6469
7634 5735 5405
1586 6595 1563
5799 5527 7276
3851 7311 3987
391 2173 672
990 6801 408
212 2619 2741
1848 2792 4415
3835 3990 6824
5503 2968 3673
4285 4480 3384
5171 709 3545
7345 1093 4314
4123 2813 2095
5646 7016 5715
1152 7443 7655
4408 5143 3101
7223 2247 5000
1748 3130 1269
6743 1508 2248
3707 834 6702
5288 2789 6160
1100 5347 3046
6925 5358 2762
788 3976 1089
2640 2884 3562
885 5250 2026
5677 2558 6751
6103 7983 4857
3611 5699 5716
6864 570 6835
5380 7026 2721
4546 2205 4624
674 1311 3533
4315 1240 3145
7219 372 2938
2277 3293 1206
5000 1230 2543
4642 1176 2228
4788 5834 2614
4467 1249 5302
2349 12 4581
6252 1052 3878
1686 341 2723
2341 664 4987
5565 3047 7234
704 3386 1568
5608 6614 6258
95 5429 2952
3605 2612 6295
2031 2006 4691
5483 5735 1296
890 5616 318
6019 3126 3979
5794 1704 6068
3863 3667 2804
4462 2862 1442
1539 3827 5148
5011 1173 5515
5718 5364 2253
4150 6071 2047
7824 6810 1312
3847 609 3136
5577 6684 2634
1990 4775 4442
3005 7602 1254
6140 6188 6730
7413 2786 7080
103 7918 668
3705 5896 1128
6780 3651 6916
1242 1671 3206
7508 5058 7503
6757 969 5120
1833 7831 6477
744 2281 5280
7274 6289 5117
2387 4478 2229
6317 750 3052
2870 5915 5868
3244 6306 2655
3948 452 4935
1985 4506 3299
931 4938 4798
2726 5051 1125
3309 3774 4104
1871 5113 7380
5377 4050 1863
7725 6518 1407
6855 696 4617
5201 5498 2836
2447 2429 524
6022 3745 1088
5701 1844 3649
836 6762 2570
4164 735 7223
5727 5192 3127
518 3357 1245
2708 2513 2068
2460 7148 7509
5312 599 1998
5984 599 3513
1632 1974 843
4212 2125 2760
707 3381 7431
1970 4141 6783
2579 1161 7787
7858 2108 3866
440 6028 1858
716 4827 7761
527 6052 6020
1776 2627 4956
1082 6224 2062
748 4173 1840
7681 4542 7301
5880 3364 3192
7200 3444 7483
4632 4697 1944
3232 5552 5690
164 5258 4677
1352 7212 2939
5482 1328 6340
1904 7002 6318
5704 5325 3098
7141 3670 7532
5816 373 7733
4099 7058 7801
4773 4988 2068
3973 3679 7642
1171 2680 2941
3919 3243 989
6564 3890 6510
1578 1870 7709
2925 2886 4141
1159 3986 4861
972 7950 526
7603 3245 874
7990 414 2414
7011 7386 3514
4216 6595 792
5796 1954 6664
3735 6281 2533
4205 3187 5131
4246 20 2561
5917 1877 3863
1748 6336 7777
3214 4304 3517
6853 2637 1725
3537 1055 7925
2689 3149 157
5121 962 2189
7280 1465 4804
459 2390 339
1930 7640 1234
1393 4887 597
2293 5392 3454
6428 7367 2403
1207 138 430
7455 4747 3152
6170 964 6313
6011 6137 7789
1370 5785 7950
1297 304 3962
7769 3495 2040
894 6266 1546
7195 6623 7231
7084 3683 4721
1543 5717 2597
6570 1800 6483
3567 4904 3342
121 564 3572
5511 2031 2343
1056 2923 5518
3765 7210 6058
7262 7551 3468
5331 6204 4142
4683 268 1388
1306 186 978
3781 1116 5749
3043 1428 2140
5540 7233 2381
5623 1539 5220
5599 1245 3395
2701 1416 5584
4440 6511 6443
7778 2537 596
3211 3146 419
4578 4138 1003
5779 7233 5574
1742 6485 332
6795 674 4600
7522 7932 7875
7656 6609 2759
157 6736 5163
7065 6736 7032
3986 344 7086
7345 885 4668
4822 6266 6425
6970 851 7867
4782 2508 248
1799 5150 728
7477 5734 5748
6341 3899 2734
6699 5864 596
1514 3488 3225
743 7835 2897
4762 5420 1488
647 5484 1841
6863 4910 1105
7240 7554 2522
2986 7629 3909
605 2313 4134
4574 2838 6776
6538 4338 1625
5379 3327 1532
268 2335 5039
1649 3380 7854
4546 7241 6358
3676 6969 4396
6471 4304 3015
3100 3132 695
2778 3614 591
663 6402 3367
6422 517 3841
2849 3868 4373
3802 3743 4842
20 7445 1638
5031 642 3345
6897 5994 1611
1696 1859 901
3146 5939 4137
1374 1476 276
1108 1406 4744
3242 7503 5095
7108 4636 6480
1106 780 6109
7379 2760 7825
5505 5426 1042
902 5091 4728
1686 2589 7808
7107 3733 5644
818 6148 2085
5292 507 1598
4702 4049 4020
2403 4763 6986
938 5254 2465
5398 2029 3290
6740 1094 4280
2267 7131 1406
2277 1375 4966
6774 4872 1963
3768 5220 4850
524 2891 1785
2676 4169 6314
3382 5603 2931
181 5511 537
1594 5542 7469
62 215 2606
7371 2060 2645
4623 3481 7141
7314 4380 2329
2220 3635 3105
7536 1925 6354
2121 5254 3754
3733 4859 6791
7156 4840 4814
4760 809 6403
3903 1857 5380
183 7627 6926
2783 29 5087
6774 1364 7877
5187 3140 4022
4499 6312 3739
7869 4666 4772
3425 2260 4634
893 7741 536
6716 6720 2744
5762 7041 7680
6138 5371 7069
6846 5681 3630
4645 2702 3871
7641 7650 4685
3451 490 1877
1278 6649 1099
3092 5288 3326
3161 1921 4539
6734 5695 4921
1512 2422 99
4516 2909 4336
6838 7488 4354
4551 3722 891
746 5485 5391
6180 4228 2319
2059 3750 7112
5681 5227 2726
5705 1874 2332
6555 3614 1923
1662 1795 232
644 7722 5129
6847 4318 7063
4610 2095 5392
671 310 875
3422 3885 5914
373 822 3043
5274 7627 6681
424 5550 1598
5350 4786 4642
4742 6521 1343
1419 3519 2077
5810 3421 111
857 5421 5436
2327 5679 3348
7507 3347 1998
6269 6142 3368
5044 4840 2685
1140 1007 3503
1782 7929 277
7053 5487 3845
4683 4895 3297
5465 5525 6661
96 7496 1511
4580 3154 4322
3025 1471 882
1178 7256 4699
3516 2751 3042
5844 181 4867
2896 6696 3491
4360 5716 2094
3259 144 3628
4069 4961 4586
4965 5159 2935
1121 4883 7373
7695 3769 7876
2173 7256 4515
332 2387 752
4857 586 4115
5912 1227 2737
5946 2620 6625
5594 771 6233
3963 1334 3797
7494 1393 1891
7801 2461 7806
3389 7765 4872
6096 6793 7973
3681 4611 4952
6888 6796 4064
6177 331 5635
1566 5988 7077
7319 4350 4156
2584 2170 5674
6305 706 6571
542 2578 2267
1869 7733 1753
6278 5485 4609
7934 3602 5401
4010 3050 7012
362 7081 202
5933 6843 2127
3622 7671 1500
3852 3353 74
3537 4748 7912
899 2575 1302
153 3342 1937
160 2003 1709
6666 6152 5663
3225 5665 2539
5083 3686 6225
4876 4311 3709
276 3685 2617
7432 2784 779
1239 3244 573
2298 7435 6575
7712 2795 3264
1595 1782 818
6859 6209 5621
4029 7678 449
3481 6611 1158
5547 4289 7841
5048 666 5027
3656 3730 921
2871 6380 262
3797 3936 1682
4133 7706 7447
6426 17 2612
954 3768 5266
2383 4932 6377
5609 4360 1959
2016 3392 6517
2526 3152 1323
4715 7499 2643
498 5724 7013
6543 2137 7806
5180 78 7545
3917 4181 1769
6193 4150 7617
22 4136 2721
2429 1464 2754
191 4143 366
4834 893 1304
1171 3501 467
1947 4758 5955
4227 1573 5392
2808 6938 599
4888 575 4952
31 6005 152
3462 6285 86
2805 2168 3324
4709 6445 2152
5644 1619 1745
1548 3799 163
2381 903 2680
3265 7544 152
4953 3385 7023
7172 446 1076
2742 4644 5890
7691 5372 3512
6826 458 6705
2532 4390 6611
2647 2191 2655
7123 661 4913
733 1823 3682
2264 44 643
5766 3944 2741
7396 2385 6865
3294 1869 1313
2055 4068 2739
2262 4753 6478
2354 1578 6981
1362 6318 105
44 4616 219
7775 3848 4852
1572 1760 3949
4642 4396 6585
3310 6700 7541
3291 2258 2583
6540 3138 2483
1563 7768 1672
4263 2391 7059
3127 7281 1054
7164 7939 3602
651 7673 1030
5774 1858 2218
7411 7323 5088
7024 15 89
3807 6528 6868
584 1327 1529
728 3464 5556
673 4345 4660
7840 3970 6309
5451 1349 4525
2929 5637 190
1093 6564 2353
2289 3858 456
2056 3461 1679
1506 7483 999
1614 645 7538
5140 5991 4927
6891 1341 677
613 4645 450
2647 4558 5223
6039 2266 1749
7637 6925 1757
4425 4505 2728
4897 2803 6602
3841 2254 3866
7303 7194 2597
2275 6441 1886
749 753 1751
2723 2664 7512
4189 6073 1419
340 1766 5849
5720 3601 7802
397 1937 6874
7585 7238 704
7617 767 7828
2608 2494 7249
6939 5895 4397
3352 40 1021
1114 1050 6978
5989 5469 6193
3414 6467 1492
6480 7010 7614
2995 3779 7023
978 5616 4248
853 3754 7366
1469 3711 657
6094 519 4298
4847 7320 7742
3280 5279 7528
5085 7036 5222
111 6758 7953
5077 1219 7592
1036 714 2377
6339 6738 81
1248 6786 6528
2987 1681 1024
6246 6894 5295
440 6833 172
6026 3942 6963
2914 366 6794
7803 4843 476
2422 3522 7622
6554 232 4671
4453 933 7434
1107 4952 1608
2035 6232 1796
6267 6239 4880
4005 3694 1696
3012 1861 5907
6854 6994 7435
7067 5965 5631
7405 6174 1605
4522 5764 4215
3019 2822 1832
6626 7934 173
1742 1922 5454
7626 4074 4517
3558 2564 7360
7209 2763 1339
3317 1443 2723
2663 7959 6043
98 3976 3304
6300 1845 7471
5799 7452 5996
5949 2842 7894
7265 5132 7687
3428 3139 1587
6088 3789 4990
4570 1655 2229
4184 3806 4402
2308 3319 2050
5721 435 4846
824 3216 3894
2541 4982 2077
5517 4080 742
4424 2689 5663
6148 43 4859
2434 171 1394
5412 3621 7923
4102 6023 4100
6621 5368 7785
7328 5221 6950
4607 6594 1450
2531 1701 5042
2018 3257 3443
6950 361 4303
7438 7894 168
5312 4653 3970
5530 6808 3220
4164 1599 3327
4852 936 6904
2272 2474 6392
510 5859 4620
3275 2311 7537
5721 5027 1204
6649 7286 2429
1094 4102 2365
4941 7281 957
995 632 1193
496 1819 3626
908 4824 4226
2781 4319 4739
4398 4715 3097
6833 3803 1500
1721 6151 6538
6260 3989 2452
6451 880 4232
585 3616 6734
5642 2792 3545
738 2743 581
7208 6099 6413
527 2909 6102
7699 2186 42
3021 568 6981
2260 4097 973
3078 4227 3146
6242 6578 5721
2306 474 1452
7242 941 7034
4139 6188 3123
6524 3398 3955
3665 5027 4739
4696 6699 4293
2052 6715 350
142 7281 4636
87 7723 3131
3423 27 3299
1517 1671 7132
4122 7849 7605
1813 923 4033
1843 5465 4142
3266 1909 4119
7131 3640 956
2388 1054 7933
5115 1158 5318
5 7183 221
3435 3536 1146
1990 5882 4076
4046 5768 1468
7863 3754 3753
1358 7755 4118
1186 338 6643
1600 1021 6349
5305 4274 4420
4685 2474 3553
2233 7063 2211
6358 7657 3017
299 306 7069
5382 7631 2742
3732 3775 894
558 3518 7588
7422 2064 4303
4405 6491 1985
5657 3776 2556
334 370 6905
4029 7322 7121
4964 7725 365
3187 1763 106
6582 663 4497
6314 1864 1692
1954 6117 3972
481 4635 1439
3832 4318 1947
6876 5199 116
7675 5815 2521
726 4914 2211
2464 3128 1550
2024 4789 4892
7647 6772 7925
723 5747 7708
511 4220 2458
1131 5645 4498
867 4256 1663
4314 2358 4339
1624 6495 7656
7169 7339 4963
2673 7667 7071
6763 4131 6151
6824 3713 3371
1277 2810 493
2986 3127 7259
4076 790 4993
3266 7043 4810
897 4324 4882
6194 7611 4895
7991 6586 7575
1011 2128 7317
1037 2124 5492
211 3276 7518
732 4020 2070
2839 122 5407
5404 6948 7594
1005 5917 6641
5480 2155 2378
2016 3058 4928
6062 2394 4778
5573 5182 6439
5228 861 4764
4603 3307 2498
972 6632 4776
5473 6603 5145
2123 5114 4064
7483 5290 4097
3490 2011 7802
4452 5546 2338
4688 5252 3227
1918 4865 841
2835 2113 3522
6411 5642 4968
814 4797 6504
6363 6966 498
1497 5800 4596
2055 3624 3012
10 2804 5703
2122 4820 848
1989 1713 6564
895 2227 4434
2771 2710 7660
6482 2028 1995
354 1300 3473
7442 1129 3484
3914 1221 4876
1525 4697 4633
5523 1082 7676
5133 549 7516
3783 1407 4973
7776 2523 961
1625 4627 3644
3594 6279 3863
2056 2887 7580
97 2198 4315
7134 506 5969
7315 634 361
6291 4071 5002
1797 726 6304
521 1559 6677
6526 3282 7957
5126 2207 4684
5284 4672 6041
4050 3688 2426
2602 7009 5242
717 3209 6637
3238 1607 6488
1583 6843 2016
4075 5065 4890
6035 7200 5066
4770 4644 4975
5121 6396 6579
432 391 3485
1530 1363 459
5971 5097 3745
7699 7734 7720
7138 3562 7405
736 6813 6786
1875 7012 7171
2715 2343 6379
1771 6638 6592
7183 6451 9
1119 6597 3317
62 5119 3407
5974 3370 1663
800 5641 3425
4382 6329 4319
1963 2371 1691
2366 4714 1690
5727 7176 6199
6296 3343 2786
4236 6074 4488
7884 876 3679
3476 7502 1348
3305 1203 1555
3294 101 487
1290 5523 7272
6954 187 7898
1201 4982 2615
1802 5704 6267
2568 3390 6471
7514 1835 2732
5855 3806 4316
6504 4892 2005
7583 7700 6488
3400 3283 3281
5979 4914 7137
2933 4347 4507
3827 7468 5121
3320 4121 2436
3591 234 7928
395 394 319
2606 1095 1155
5123 3805 7674
380 2793 6458
6632 1258 6612
7283 7858 6196
4762 4686 6680
4841 1599 315
575 1175 402
1319 6619 6547
6043 5362 6099
3186 4137 7660
4382 3677 5284
5933 7816 3699
6871 458 4295
6662 1588 7095
536 4379 6214
2236 7211 5172
5133 2228 6997
7356 6529 7796
1126 4953 3467
2854 5240 5102
2197 6051 151
1163 4337 3765
6748 293 5552
2744 6291 7288
4084 812 2762
4605 7719 5652
565 1036 1023
5556 7874 1951
2333 1623 5323
3974 4904 3277
6342 391 4034
1875 5606 6581
652 3604 3183
6395 3530 6349
1529 1003 4513
6305 6491 5270
3809 1558 3899
6266 2467 7293
6020 5585 7222
254 4477 6808
625 3174 7439
2165 446 5615
1854 4388 5166
3418 4117 4290
1317 6254 4903
6841 176 2739
7427 3134 3721
1561 6253 389
7673 5853 6358
4980 6564 7692
7543 4115 2962
2528 7766 513
2918 4179 6703
3185 3736 934
1740 5015 476
7726 3106 5078
2264 6239 7354
721 6658 2285
2387 1914 4020
972 7295 1816
3485 1047 7364
4190 4460 6121
520 2750 1926
4658 2971 4625
2525 4712 1460
3582 822 1575
289 914 3403
5701 3499 4569
7201 1459 7859
3062 6403 2410
1016 3925 6120
3416 5916 4422
3733 1036 7882
3179 1503 6082
5824 163 2744
6046 3472 14
3731 7062 4573
5148 782 3292
4044 5338 3052
6173 3049 1159
174 3730 2025
3727 6083 4697
3630 6902 930
3347 6084 5460
7066 4287 4888
3007 2173 5405
4154 4824 7799
513 5972 6780
7653 39 3970
325 5060 1140
1101 155 54
7594 4365 3957
799 5510 3548
3024 62 4310
630 5059 3937
2192 96 6288
952 4580 1928
5239 5279 4599
3497 3440 5237
128 4238 4838
1143 6760 6990
4856 4570 7007
5471 6027 3969
6918 2042 4773
4630 6294 2933
3346 5065 1117
4771 6222 643
1322 3866 4240
2678 3214 6466
2336 2932 1352
124 7107 5758
2132 1597 4657
7392 6477 6251
6085 3370 1111
6007 7418 6040
1238 7353 5605
659 2713 5856
366 6404 863
731 2459 1704
7170 6223 4043
303 2983 2330
4384 3307 6767
5649 1113 6954
1179 6766 5445
7902 4448 7105
3742 2241 2867
6600 7252 571
204 1063 30
6752 1638 4167
354 5269 2900
7965 936 1173
250 494 127
5839 1579 1042
6292 1716 6013
5315 994 7566
191 7220 3058
114 3486 794
6614 3195 618
7742 5279 3582
7863 304 6169
7263 6146 559
4655 459 7135
831 4886 4525
771 4861 7460
7860 7908 6861
5434 1452 2376
1737 2667 7031
7909 2830 7755
358 6285 4387
1100 7489 1348
4386 1522 2138
5272 6490 5069
676 4556 5549
2060 1822 487
2716 5916 4623
5180 6578 2068
7157 4047 4286
261 5822 3953
2627 6322 5492
6987 266 4929
6856 3581 782
4741 3142 3050
5460 5612 1996
4923 2584 7143
6608 7799 360
7491 6675 7725
1781 6111 2473
6275 2399 7136
1708 505 3395
5064 2512 3524
7062 6123 6679
1405 1895 3157
6383 33 7846
7467 6302 6553
508 7903 1225
573 4056 7874
385 4937 4000
6554 275 3371
6780 4981 6555
606 2236 7795
7044 6431 5088
11 4387 3154
3540 2019 360
2350 2798 5596
7388 6933 1035
1848 2695 6562
2249 6483 4453
6674 568 6679
1884 1591 3942
4502 6533 2721
4883 2912 3966
4798 968 283
7868 5248 7317
165 3238 5454
1726 568 2512
54 5922 3550
2992 4682 1229
3770 7962 7075
7146 7415 2325
528 7851 4017
3159 2653 6396
4663 2179 6062
5491 5881 762
5896 5017 5325
5966 7344 1337
5674 3764 7698
7189 2121 7763
2717 5996 207
4410 7508 5914
7152 4177 1288
5457 7469 2566
2562 4754 1139
5167 2778 6953
5170 4931 5658
2684 7324 7193
1257 5388 287
4249 4662 7983
4398 7324 2170
2372 5957 180
2510 659 113
7807 6549 46
5349 4692 416
4749 5604 6673
6271 3998 6195
6612 1106 7277
2124 2255 6925
2903 5710 5727
6643 5762 5863
5472 5456 6576
1897 7736 5782
715 789 3261
983 7329 5122
7350 2751 4253
4305 1430 7746
1681 1790 7346
6731 406 5066
7480 2863 3674
2060 5715 2348
1493 4420 21
3052 4943 4199
3415 6708 3030
47 6965 7344
4811 7082 2232
4332 393 3098
4997 2964 305
1243 6483 368
1467 1137 6158
7497 7130 4132
1560 2222 1918
4620 7912 1981
4620 7725 2119
4340 2605 4423
5328 850 1535
3322 3566 4951
5634 441 4848
4309 3765 5132
1731 2516 1349
7820 6411 2993
1621 6981 1685
5032 4350 1104
503 5007 355
2724 3705 7449
4592 3055 2329
6176 1858 5394
1687 5755 3388
290 7231 7943
198 2050 5276
724 4177 773
5027 4870 7354
7752 4599 7559
4759 3757 1462
5725 7135 7176
5392 42 2146
5530 5906 313
7474 1891 1330
3903 3882 6968
415 4307 4363
2896 584 5770
6562 1183 5615
7655 5690 3375
1354 1284 2244
7810 4476 6132
7703 2763 5993
3948 6639 4641
7832 1246 3015
6504 1100 7073
2432 2665 2242
93 5502 4291
7605 1555 4797
4948 6145 1722
3384 3448 3330
146 2806 6312
7934 7421 7811
6774 5596 2786
1950 3441 7995
5529 7709 5503
2879 2169 7849
4717 6425 1378
3816 6587 6210
235 1062 4985
3249 3541 2076
3744 7180 4853
5302 7317 6633
5615 4308 3992
2835 6438 5489
5008 5759 1027
5728 3298 5216
5018 7826 1842
6844 1673 1861
4402 2374 3834
5969 3597 3657
6770 1789 3449
2502 6615 6397
3843 5643 6946
5449 5257 145
3840 99 7494
2841 1145 7867
6423 6092 2506
774 2781 7776
5183 5190 5697
4742 6900 2483
5678 5913 6902
6225 3000 7996
7969 611 6103
6437 19 4860
567 3741 746
6693 5647 748
1066 3322 7745
7005 2430 1964
4787 2 2278
3272 6914 4456
4989 2944 2348
1777 909 3754
3026 2419 3968
7824 2121 7925
2217 5126 6295
4184 6066 5750
7012 3835 4269
6083 5902 2910
1463 6995 4924
3051 2219 2416
7926 7503 2709
5386 6224 7004
581 4404 3501
4060 2986 1107
5658 1088 1907
7414 2428 2331
3286 2981 5465
2072 5201 6279
7961 7933 1250
5502 2907 3590
6802 4347 7921
5624 7476 4276
7929 7706 844
2620 3155 2096
4061 2718 4619
2272 783 2158
4062 7039 7808
7917 3049 5880
289 7576 7752
4055 3478 6044
6137 5531 441
5856 1867 5868
3714 2400 3578
1574 7347 1209
6793 7027 251
3652 3882 2941
474 3052 1973
840 1139 1823
4771 3637 5005
7502 7397 413
450 2093 1768
647 6150 4874
4979 3384 2260
731 332 5394
7247 7260 674
6801 7438 4244
7059 2665 6782
5604 5872 7219
3736 7251 2866
4053 1200 442
7197 21 280
3253 2074 3381
512 109 1624
5695 4933 2225
4842 1803 6373
747 7889 6803
3435 2992 4819
1436 908 4869
2249 676 1086
5369 4266 1775
3046 4052 1533
1649 7217 6827
4888 2739 6074
1706 3163 6703
3982 1389 5214
6970 2156 7975
3456 9 3891
2726 1678 5963
6976 547 6275
6677 1432 6413
2335 7605 4953
150 4016 7898
5826 5582 7083
5485 5635 6394
6353 7498 7487
6098 1243 412
5841 5549 1346
3846 1583 4031
4817 1138 4614
6010 4288 4789
3222 6287 1035
1394 6882 3817
2749 2910 5078
3871 1566 7902
7158 7561 6052
5195 2125 1393
6767 7864 2130
6274 7974 4152
4890 7115 619
1316 1972 2100
423 7727 6601
2814 6973 2339
7617 220 330
5715 3256 1733
5749 3031 7993
6728 282 5820
3431 7276 2185
6695 6021 262
2245 279 4327
1408 2505 1444
3776 7528 7875
6985 5248 1115
1129 6498 4044
4420 4626 2722
3590 5799 1834
1600 6585 337
1236 4682 7846
1026 2999 6206
7920 6401 1416
150 5831 7121
6561 5595 6573
7019 6316 4528
3137 3052 2051
2242 5357 5709
5894 3224 991
4161 1818 5262
999 6907 3945
348 5392 6402
5308 2985 1918
1421 114 2181
7196 3076 3597
3236 6460 5876
327 2817 1224
6184 537 5608
4505 529 6079
5142 7192 1387
5567 3441 2987
5791 6151 5910
1284 6666 3171
5320 7244 4975
5469 6600 5848
5491 7549 6625
4296 6612 1735
1854 204 127
6338 4072 1062
5569 3013 464
7905 7841 611
1603 512 5694
5210 3806 2407
7995 6033 1523
4801 369 1469
1683 1086 2897
1515 1113 1010
1442 7692 4696
2191 7116 5051
3285 3451 230
2094 2691 2038
2697 609 3760
174 1608 5780
7683 2468 7462
2281 4844 3911
4493 1857 1614
6634 4209 7360
5436 1929 1825
5462 2103 7900
5953 957 2716
1894 3822 6520
1360 7833 2240
3569 4372 3495
454 4221 3257
3962 6076 2188
6910 3438 3275
5531 7817 487
588 5733 2726
3265 118 4443
1679 6271 6955
6760 2001 7324
4637 3124 1182
2987 5864 6911
930 5700 4071
995 7220 466
4243 3198 3165
2526 1968 7157
1079 7076 2768
2405 4602 1698
1574 5631 7352
4433 1838 4107
7567 5 5780
5320 247 3325
5670 6821 2096
487 367 7869
1760 2924 5366
905 3971 926
3343 4349 6950
6977 7664 2095
2915 4441 5435
1696 5130 7343
7425 5241 3572
5046 4150 5023
3471 3102 878
3725 7598 1951
3224 3556 2601
2474 4530 5431
6610 7833 4982
1953 4435 7425
5343 1353 5353
4787 4051 5822
1315 7853 4869
5578 6106 436
7642 6380 5703
4677 6625 5774
2246 7980 7190
1649 6983 2700
4459 5646 7772
4894 1243 7901
3807 7103 7419
4132 4969 2609
4427 5677 6464
557 1317 5819
1471 1802 6314
7210 5587 1253
7858 1289 901
7948 5928 2569
291 4681 5044
1647 957 6875
4200 321 7351
5562 1094 6211
2830 5082 1021
6089 7905 995
7775 5332 2190
2721 1548 1480
573 7889 5004
2757 7117 2548
7597 4337 2473
4376 7107 7132
6442 4493 1320
1633 7409 1088
3979 1217 6413
7895 262 3794
66 5974 3474
5214 5108 467
4334 1342 4667
4684 5292 5698
5616 7626 6255
1121 2973 5953
731 5568 825
1903 3076 4876
247 1274 3541
4346 2828 6017
5040 1487 6826
6052 6244 1403
5350 7247 430
6281 980 4865
523 230 4002
2842 172 489
4859 223 7142
4814 6252 4302
7106 644 1534
7411 3154 1521
1032 506 5158
997 3643 4418
5549 1104 1889
384 299 6312
1237 3744 4766
869 6186 3813
1999 5475 1550
7938 2469 7580
5697 1058 7243
3747 3432 5398
1479 349 2194
3693 6022 5844
3625 4214 3403
2415 6025 4803
2815 1959 24
5740 308 4936
7299 6201 6147
6094 5701 3864
2722 6520 3917
7927 3259 4997
4885 4818 6962
1455 4353 4822
6834 2767 6255
7945 5715 5921
2577 3625 6222
3464 6608 7539
843 2870 540
6707 5742 6457
2823 7780 5182
269 4204 7324
5975 3504 4652
5011 6712 6930
3992 7938 1466
6822 1354 2896
4743 2775 7123
5342 2420 3998
5796 85 6554
4395 1020 6525
4258 4043 5801
5867 1065 4230
4420 7096 5659
6148 2441 7310
4433 4072 6512
5883 2352 7734
4055 6107 3628
3205 7200 1594
6382 2490 2104
1364 2804 3166
5088 5533 212
1096 7180 7306
884 7405 6009
5238 5777 5
1525 305 6252
5518 1462 304
6608 5673 1029
528 7321 5289
2946 410 7356
2018 6258 5951
4016 1566 4479
2485 4944 136
4730 882 2522
7108 2283 313
418 4318 5083
6021 6810 4392
2388 570 7674
6053 3565 4447
1130 6127 1759
4261 5558 5801
7927 1224 6524
5329 6697 2853
7420 1322 5731
3895 5356 7252
7026 1666 1404
7694 5232 1828
4446 3932 2039
1558 1229 3281
1272 4486 6442
6214 7439 3184
5876 1227 1993
1360 6222 5545
4890 6619 4204
5398 7229 529
6055 7913 6377
7248 2681 4446
4435 3060 6376
2230 2699 706
2475 1200 1128
4639 1687 5102
7753 4367 3859
7164 150 1629
1997 960 2688
1115 4870 4361
63 2426 5949
1472 6025 6237
3492 5761 2848
6538 3970 1512
7368 4177 6031
4427 7997 1715
2632 6991 2809
2890 1194 6518
7049 4465 4385
3676 2979 2807
6879 6724 2777
7860 4507 3573
4659 6909 1504
355 2610 7092
6949 6649 3721
3481 2783 1150
5481 904 6961
3756 6118 7999
3198 518 7630
7087 7043 1522
6874 3215 4424
4294 6244 4256
1439 2210 3019
2025 6497 117
4355 5127 6285
7631 17 4201
7782 3291 3568
4286 6805 6889
7311 4540 2227
7244 4996 5138
2131 5415 5450
3487 3083 5285
965 1238 7973
6188 2870 1164
7663 2254 1011
5575 4622 4304
7374 1458 7249
54 4591 1530
6386 7274 4984
424 6655 6887
5405 4265 7778
3423 6276 1766
825 36 876
741 627 4281
7613 4622 3277
6873 643 2264
6737 3857 2766
621 3300 4987
2351 7219 7391
3571 3529 5399
7364 3462 2301
2867 6106 2116
2958 4059 2760
7984 1677 7771
4025 1149 7161
2693 500 2732
421 7604 5516
1715 1804 2319
7131 4485 2016
2266 7112 4630
5914 3191 6863
6065 6250 2599
710 5748 6342
2410 2085 2189
7393 6335 2821
977 1728 1896
5346 3520 2144
3326 659 7177
1254 7145 2871
6125 2678 1487
3154 2119 3598
4448 1315 1952
1518 7538 4312
4286 454 5562
3146 666 7518
569 2865 7043
320 658 959
4570 1287 2434
2273 6851 4457
3730 7581 3756
6691 6165 4414
449 4828 679
7527 3452 605
4173 2468 6519
3417 676 5785
4993 1970 491
4973 3292 4771
55 7894 5082
538 1862 762
2816 7208 2250
5540 5093 1749
2982 3750 7070
3796 5949 2991
112 7946 2488
3803 1822 617
2222 7408 4143
4744 7766 6360
857 6058 2615
780 4349 6052
2475 563 7424
7243 6432 6686
4090 6453 1254
713 5130 5111
4862 4882 7201
3997 6985 7978
6307 1889 1606
4001 995 5273
6964 5534 773
690 183 5924
5048 7128 54
1972 4414 4623
1602 6629 7506
4600 2796 4905
2559 7968 3187
2179 7352 5735
299 7604 598
836 6567 4165
6061 3949 969
7069 3265 4561
7174 4498 4742
4274 1516 5584
3195 6737 2403
2763 3955 3179
1331 6294 7958
