5321 1134
5158 3329 202
482 5100 182
102 963 573
3780 5229 404
2249 93 93
4936 3403 237
4668 2491 691
3953 5200 426
3536 3622 428
2207 2480 963
877 3252 24
60 3221 777
69 4101 550
3859 494 188
5001 2712 119
1149 415 944
3150 5099 243
3325 2797 693
3192 5057 770
1784 958 317
5115 1885 645
470 4823 989
5241 2761 970
3768 3201 306
701 2867 111
2977 1473 709
5295 1249 664
3026 1279 58
1157 3973 974
1111 5246 151
1252 2901 824
351 5100 503
3307 4765 800
649 112 366
3579 4359 75
3820 708 27
2177 2913 392
4883 4267 464
958 4294 850
2244 5082 735
4595 2258 991
4944 3362 736
654 2406 702
4788 1998 515
1888 2672 651
2214 123 950
1025 3316 256
2284 4614 835
3580 4033 430
4646 2514 237
573 5025 852
485 936 862
1659 4713 665
3530 3698 206
3589 1971 600
4238 563 279
3612 3165 656
689 4187 464
1959 3165 139
4112 1816 793
1241 1734 662
4788 4652 699
607 4358 257
1384 1293 53
1329 1922 293
5161 2245 398
3635 4520 474
3906 2932 98
1388 4455 940
42 2108 606
1189 3935 940
1856 3486 426
2184 1659 289
3615 1248 197
2546 4277 657
4421 4011 299
4558 1645 701
2101 3260 583
1229 4855 899
2937 213 593
1799 1521 595
1606 3747 348
3186 2249 221
1879 1420 158
5066 2146 89
3584 3486 632
2480 4030 624
5115 2691 204
1777 4761 195
5312 1468 691
4845 654 240
1879 5157 457
198 3936 957
1608 4937 782
2782 2107 333
55 4237 228
5217 2168 778
4205 2613 550
4050 557 865
1812 1060 576
5080 301 932
4870 3931 701
4853 4430 999
1395 3556 677
71 244 81
1968 303 358
268 1349 59
1270 264 405
1920 2083 681
83 5253 808
3461 1487 412
3150 2 364
927 4276 49
4075 1323 634
2276 1728 537
4788 4662 915
4751 4324 481
3883 4921 628
5319 2879 342
4899 3689 584
516 1555 409
4423 4465 838
4507 2275 683
4496 324 936
606 437 128
1534 3422 183
4277 2998 893
5154 920 772
4196 428 309
562 1426 541
3667 4618 822
3271 4222 95
1577 904 362
204 1822 799
4313 3922 823
3875 1584 786
5139 3977 985
3779 1917 675
3724 4745 453
4143 2179 313
2161 837 204
4736 944 707
117 4822 441
2222 3633 50
2407 4726 15
447 1049 254
2757 973 624
4387 807 272
545 354 964
2189 546 456
1790 1958 920
536 2389 769
1448 4999 141
3993 2774 410
3689 5307 568
3917 1620 384
2675 313 895
2388 1909 373
2148 3233 614
5157 1549 148
2746 2581 246
3004 1049 630
2540 5045 287
4396 2882 719
130 3895 970
2680 2219 79
4774 3344 381
4443 5028 304
1701 857 43
4798 3480 155
1087 4847 520
454 2656 667
3197 5151 678
4946 4213 771
5086 1628 734
2389 2425 373
3037 489 448
210 2474 192
5184 2269 750
1422 407 603
4574 3977 517
1015 755 221
2380 4312 677
2576 2659 842
1499 996 947
2563 967 366
3887 1830 463
4244 2380 606
1853 3893 682
3479 2211 438
962 5161 384
2675 143 386
3013 2061 410
4997 4031 719
1751 3226 320
775 1342 611
132 4469 72
3907 2642 656
3552 548 186
5234 1049 80
3905 2508 497
728 5272 819
2135 4932 266
801 900 152
2737 465 303
823 4954 547
2382 4267 693
3265 583 234
1585 4645 227
2921 1846 247
4424 2541 85
3914 2080 609
135 2163 826
1842 1119 932
5210 276 30
1211 2708 883
1591 2268 870
4188 3872 316
3093 2528 805
156 3973 47
4090 3631 218
219 5125 303
243 2952 246
3059 2427 825
2449 1432 173
2059 2820 237
3838 1309 607
3074 4985 241
4169 5316 139
165 4044 445
2668 3807 99
3724 4968 766
2408 116 538
944 2614 137
2539 1069 142
3842 2363 920
3902 1808 217
2984 4376 92
3456 5147 489
2601 820 883
589 1649 416
4867 392 295
3042 4364 265
350 4895 180
2604 639 947
2077 1650 197
519 1620 568
2436 2054 29
1218 2196 744
4308 3605 25
3838 235 604
4092 1552 967
1395 1849 184
3736 2594 490
4698 871 988
1214 2000 487
3751 2370 489
1864 4888 19
2989 395 836
249 520 977
494 4395 117
4593 5294 947
1406 3470 963
3326 1865 514
994 3240 917
5181 519 172
2208 3373 525
4320 2198 629
460 1304 117
4782 4361 151
3009 2204 384
4338 663 691
3185 2850 616
2206 4336 698
4872 3835 720
2381 1130 880
4118 171 441
4100 240 532
3687 2674 566
1331 1272 779
2016 1466 123
3910 3337 811
1980 1512 475
4349 4153 882
5219 4771 910
4302 1175 446
2569 2638 762
4070 5144 425
3974 2966 453
4015 5139 59
505 3751 517
4538 3696 432
2445 1510 692
1108 3791 734
2245 2177 731
271 1223 750
1082 2607 761
1706 1629 655
782 3437 994
5013 4039 706
3397 3166 999
2347 796 202
3294 4738 388
164 2675 199
1888 5297 307
4847 3746 448
886 3256 831
534 158 965
5102 4782 288
2898 3152 823
4756 1179 297
4765 2301 232
5113 3323 783
4518 2536 929
686 1945 987
732 56 328
417 1416 232
3446 1565 850
2959 2437 286
172 5290 195
4456 3900 728
1769 1090 669
2189 2893 945
3244 5128 951
2254 734 22
543 2087 805
1702 3567 260
3715 2439 417
3557 4613 991
5232 1809 972
1671 2506 111
2033 2556 88
2649 5015 555
368 4072 970
364 1914 907
707 940 673
2365 4635 359
212 1679 734
2366 2709 91
1673 2314 972
7 1938 93
274 5157 920
1468 309 344
3648 882 850
5106 1683 870
1305 4091 690
4018 1477 914
681 3282 135
971 4441 483
4373 4280 287
1444 5023 691
4080 2137 762
3164 4012 103
3327 613 150
4945 2149 400
1453 5274 659
3685 2565 815
4083 4446 214
2962 2368 443
327 1237 309
4036 4324 38
501 3660 912
2069 4425 24
1164 4151 622
4365 508 851
294 2792 782
3091 1062 644
4704 4888 751
378 1095 80
3242 2612 199
1753 276 598
4616 3321 747
3708 1396 879
971 3271 643
601 4368 866
991 704 643
1957 1837 855
2040 4645 711
2408 1859 760
3872 251 211
4404 1896 970
3732 1652 410
3421 3483 778
4351 208 138
3274 357 131
4993 2360 3
2718 1127 643
3873 1420 165
2755 4700 216
4509 1983 177
2828 3095 188
4927 2728 223
5213 1327 539
1193 4813 848
4450 1918 962
238 1522 180
2499 4149 364
3084 1930 104
1358 3311 222
2745 5122 726
387 1579 415
4391 3151 726
2181 2232 69
1418 3424 349
219 5210 453
2494 4675 287
2065 1137 742
1834 2330 258
82 4563 263
3385 4058 94
806 4234 798
3458 4774 499
2876 3257 258
716 3039 790
2857 945 193
4017 2675 600
4145 3494 964
82 1695 839
3040 1879 89
1122 3981 680
2663 3283 702
3048 2919 280
3810 2290 586
2842 2089 960
771 3831 11
666 472 917
3002 2123 690
2602 223 7
4542 852 658
4499 4485 199
3048 4435 186
3447 361 991
426 5139 335
1745 4087 642
2581 1293 917
733 502 301
4356 1090 859
2614 2450 656
1879 3038 37
3647 4362 577
3647 1407 552
3388 1340 23
3244 859 632
1784 4083 869
415 4928 945
4583 1984 695
1369 1024 711
492 4536 246
128 3734 463
464 4266 307
1 1237 879
997 4732 791
1977 576 915
800 8 502
858 725 232
1426 1681 399
2208 4697 789
2209 4985 966
3122 1010 557
1121 1329 827
5095 4044 267
4322 776 950
4768 5083 898
4417 4414 671
1677 4468 877
1384 3557 69
1056 359 648
3393 1476 320
62 258 144
4974 3794 596
5109 2200 103
46 2903 450
292 2924 730
5075 2841 66
741 4959 955
3619 3544 262
4559 1751 998
1664 2675 783
3390 1503 583
602 1188 787
4640 4176 680
59 2568 482
78 1417 920
2140 4737 592
2853 365 357
46 3023 816
375 203 99
3199 548 548
4873 3960 685
1788 996 13
2617 3253 546
946 902 642
550 49 676
1390 2991 392
3011 3857 894
4788 648 398
3657 3951 384
3067 2673 346
3748 1386 19
4157 4938 953
2976 632 395
4747 1845 670
5217 4742 244
4659 3589 499
271 3851 203
1678 1589 559
847 3650 171
1303 4489 266
2275 1350 11
588 1794 163
574 957 922
1451 3313 629
3545 5149 764
967 1306 185
1594 1764 624
4601 2479 370
1775 2667 863
1004 2339 186
3913 3975 769
5129 1032 247
1671 4709 642
5081 611 749
4219 3896 890
1788 3790 550
5244 2854 279
1083 4740 545
429 622 629
1064 1202 7
4191 1161 980
1525 1682 297
4185 4666 128
1190 1362 786
1177 3015 115
5060 3836 810
4166 25 599
771 5013 536
917 687 350
3754 1266 858
2136 4818 439
5049 3287 122
2058 356 708
1899 3083 445
2503 4228 765
218 2924 687
2509 818 914
2513 3248 510
936 1957 55
4415 4144 708
620 933 475
4944 501 17
935 2897 387
191 267 324
3909 2174 175
5160 3957 823
452 2530 197
529 1230 430
3332 3368 741
609 4361 936
3613 4725 603
561 2868 117
477 2398 37
598 3422 157
321 3233 438
4414 622 734
612 2689 100
5229 2789 355
1821 1721 47
1838 1641 992
845 2213 231
4750 898 867
333 2183 215
2998 3748 458
1201 3822 747
2474 2164 26
1914 3029 657
270 2045 631
3265 4458 311
1086 1554 222
4037 3626 649
4106 453 15
3470 3818 221
3857 3249 482
4383 3883 39
916 3502 516
2805 4834 465
438 1446 882
5077 1948 146
2302 4324 315
2099 2570 105
3321 2815 134
1144 444 419
2875 3732 789
868 3260 778
1443 2591 38
3835 2655 923
2564 4062 672
2754 351 241
332 4831 318
5210 4372 988
3950 2321 958
330 3984 711
5183 699 703
2754 4364 256
907 1751 411
3435 5090 789
842 1222 437
759 4479 691
3413 3026 590
4087 779 956
3108 4505 143
4512 3593 680
487 3882 879
1510 2919 354
224 261 239
3759 580 739
486 3942 144
3320 950 336
835 616 838
2065 2722 988
2394 4549 646
3905 2744 254
3620 2340 131
2516 4553 413
4922 57 397
2705 4481 949
5084 4999 180
1288 4309 201
2856 2711 245
3523 3274 541
569 1445 792
1566 3345 364
3969 4661 21
3471 3848 74
2122 2614 608
4242 3207 769
4531 5073 261
2046 4986 274
0 1948 939
4947 3887 417
90 321 624
4146 1814 836
363 2082 449
4314 3876 183
4004 4838 878
1530 4443 783
306 2772 7
4075 1820 86
3485 99 479
2673 749 879
2868 2942 325
30 2028 158
602 1542 913
3168 4387 362
4254 547 859
5276 4667 746
3973 1455 658
1078 3990 320
2024 4568 211
1310 4792 280
4178 1751 481
2870 363 352
776 96 289
1160 87 715
3386 1091 326
2870 2208 876
3630 2298 861
2890 2521 461
4658 1513 182
3384 3128 684
5067 4745 685
2925 1341 568
3299 3356 77
1429 3087 331
307 2846 569
2584 2383 579
787 2673 967
2383 2923 160
4034 3417 855
411 658 690
324 642 354
1282 4133 282
2477 1318 968
4170 146 913
4063 792 534
1721 4572 579
1503 5257 483
1196 383 348
2489 4416 269
4097 4175 634
2135 4301 558
1087 2969 576
4929 4492 357
2289 1819 219
5213 3818 453
2533 3912 864
3610 2620 468
2168 3743 42
3831 2655 167
386 5114 467
4188 4400 861
1497 476 790
5307 2277 160
1969 878 558
1311 1977 312
2372 4636 916
637 4670 266
111 2487 747
2407 5122 475
1671 2205 767
1990 4516 27
1682 3086 686
3388 1607 400
1096 4773 160
5035 3932 522
211 3211 417
635 4419 749
4726 1125 655
4909 4312 890
3632 2024 241
773 1066 300
137 2890 664
1153 3784 671
865 3025 691
4599 2297 593
4622 1700 603
1141 606 628
4236 1103 639
3892 4240 525
596 4023 464
2186 1059 107
3612 3077 309
2305 3856 288
2120 5315 949
2333 1671 753
3184 4866 314
4670 995 51
667 3828 54
4664 4882 324
4464 2947 468
4853 2351 563
1961 4104 555
5083 1157 47
246 4746 565
1095 3217 218
3609 3251 368
3727 3058 25
2542 2576 754
3298 4814 965
2615 1617 37
3320 3976 425
1532 2545 858
5162 3915 38
4804 2312 539
641 2225 281
2808 3013 60
4738 4934 418
3730 1616 61
1344 967 518
2992 3392 192
4929 3731 671
1693 37 439
4852 2815 215
4022 4046 460
4347 1171 604
3281 5203 34
4373 4215 620
3216 1776 113
3208 913 463
3942 3642 710
2496 4585 646
3448 3636 124
4775 2912 958
4138 4483 107
4619 2420 1000
3730 4125 986
3727 4292 518
2091 848 282
1757 4429 591
4201 4529 119
31 2912 937
1069 2605 643
4944 2935 405
1156 4578 427
4195 2840 75
612 486 973
2469 4079 150
1726 1905 283
4674 2162 745
1709 4058 602
2246 5303 590
4841 4414 565
1970 4324 612
5112 3118 769
3234 5315 329
618 2132 221
547 3536 647
3105 4883 547
1551 2142 918
1107 3372 339
3157 4309 668
1970 1519 278
26 4236 694
4695 4231 938
925 2412 716
370 1397 177
3844 2060 430
3846 2816 419
1029 295 13
2135 1808 585
110 4231 917
4509 4298 854
2313 820 102
3847 4676 796
2735 2764 929
4257 3053 222
1870 5290 826
2055 4278 281
4376 3342 50
4200 4300 958
5120 2162 791
3766 3876 686
2646 3247 400
756 4573 957
2986 2084 565
2796 1350 876
858 2970 440
2037 365 314
743 523 355
1431 2144 119
5017 4927 182
462 3745 640
4426 1784 272
3827 4593 865
3011 4550 979
1807 5220 716
1886 2885 812
4532 5049 763
272 3435 603
281 5263 394
3135 3502 646
160 3742 369
1955 383 766
3486 2828 29
1488 2764 571
3608 1345 612
2194 1867 120
480 1891 101
3954 2928 660
1980 4691 762
3697 217 404
1638 4384 424
5270 2688 647
2205 3876 166
2404 360 94
1756 5219 272
3387 5256 348
1523 2375 394
3873 3162 135
2450 3077 276
464 4768 316
2569 3442 408
3660 5118 479
4293 154 644
320 4092 110
623 4135 141
3550 5136 285
1561 611 722
5171 4141 80
3456 1133 370
3158 352 361
5078 1961 349
939 181 952
2271 4022 53
4492 2728 37
1023 2398 311
3030 1474 848
366 2548 954
5122 4139 692
398 2149 355
1471 1239 145
2611 1523 953
7 1123 447
2869 5292 784
2948 3830 833
1903 1378 531
3630 4043 499
2728 2253 834
569 1127 295
1300 3835 63
1975 2548 442
4944 2005 818
2000 3484 684
795 4596 237
4366 845 323
1252 4194 54
174 2651 760
3387 2228 77
52 1094 36
4193 559 212
5087 4224 702
5160 3841 320
4307 4775 439
4412 4658 123
208 3872 941
1239 3060 686
593 5099 499
1183 3843 890
1449 3096 387
925 3583 181
3171 583 249
34 693 956
3961 1692 585
4436 1611 679
3101 4435 593
2010 1351 626
176 2060 728
3038 1580 87
4328 633 696
3603 4369 392
1928 5194 646
5027 2590 559
4874 2755 496
1163 3529 844
2944 4883 447
2841 4625 730
751 192 896
1224 67 44
2649 4481 389
4962 4554 384
26 5019 495
3254 3760 781
3394 4532 864
4692 34 684
208 5319 391
286 4867 125
4932 10 198
3974 1445 106
242 1440 778
3776 4460 727
2827 4679 124
3189 542 606
3119 4314 114
5100 1155 787
1982 2127 846
4973 3715 90
3096 1036 358
1145 1414 737
546 4169 677
979 3363 959
96 3025 597
1164 4217 76
504 2400 581
4374 14 209
1171 3069 652
1667 4825 328
3412 4571 119
3254 5195 168
4991 2705 112
3598 2338 94
2793 1966 437
5160 5109 697
1590 2878 853
1012 1244 790
4889 1115 738
2072 4374 246
2830 5075 294
1225 3155 96
525 3497 620
2755 4768 766
4591 1335 855
3688 2339 889
2711 695 770
1056 3112 595
1097 2291 287
1022 5101 14
119 968 296
1740 3589 299
1697 4288 27
2846 1788 179
1548 789 921
570 5081 807
2113 5051 557
4550 4999 880
2810 5151 469
3035 1938 523
1186 2343 648
1683 2846 626
338 5136 587
636 1042 314
1424 3953 178
3888 655 215
3639 5228 119
3202 4332 73
4221 4158 530
3232 2437 825
3865 1375 412
1436 1577 894
5201 2957 259
2449 1747 588
3854 2527 980
1394 5003 812
4942 1725 604
5133 1660 654
1424 4698 403
4949 5144 457
4658 1265 389
2881 3190 961
2994 3443 40
761 1609 347
4673 3678 372
5253 3913 271
1943 4929 106
1785 1035 465
4765 1872 79
127 3153 90
656 2979 64
3509 3115 187
4567 4688 454
3158 3161 24
2215 4384 942
3807 2798 823
2611 1971 420
3331 1508 752
1299 1769 810
4639 4922 319
1969 1554 294
4297 4467 302
2880 417 146
440 3751 265
2313 4456 765
5006 619 283
1744 5132 508
3301 493 731
839 3262 655
4316 1637 914
4809 2208 430
4674 187 296
1990 4408 811
83 25 642
4750 2246 96
3194 2745 140
3871 1755 990
4747 2956 529
3507 1367 864
1475 3125 124
4277 2334 971
2898 1390 958
2202 1362 781
5020 960 6
5212 4585 184
4839 583 203
4558 1288 720
2987 391 972
3677 4929 136
4576 3022 799
3361 214 432
4867 1815 188
1852 3623 358
1406 423 381
2454 896 341
416 2088 150
4040 3499 933
5234 1001 428
1197 829 106
1164 549 920
612 100 73
2907 1798 179
4004 1947 140
1065 61 646
2321 324 319
2496 2843 984
2365 545 942
3119 4381 608
2796 1463 980
1357 2626 53
983 579 917
2532 1461 450
2239 627 716
3388 2694 953
745 1316 80
1906 1091 420
2701 51 969
198 2245 862
877 3875 920
681 5025 951
4127 2719 255
4017 5217 256
4147 2609 830
2298 3179 850
4403 1401 596
674 3234 731
3039 842 215
3163 791 393
1859 726 18
125 4838 629
3394 1968 400
327 860 632
2678 4642 971
4986 2292 269
2851 2943 216
2186 5028 500
3690 1895 948
1326 2125 274
171 5129 780
3938 778 978
2248 4592 550
3612 4750 44
3839 4016 692
327 4885 672
5311 5288 621
3125 2808 595
1019 4943 941
3758 923 731
3038 833 33
723 2554 972
4151 1946 72
4406 4598 741
213 3116 590
2588 5252 196
908 5243 827
471 1066 774
2237 80 933
1409 4940 679
1105 1314 985
3977 4607 976
1092 1342 91
1563 5028 909
3377 480 693
1322 1239 149
706 4362 630
487 1611 152
5201 2958 468
3656 3838 626
775 117 658
