1111 4000
253 1013 4900
952 318 1705
317 677 3641
426 69 3836
3 503 2374
921 647 3223
838 1004 1890
620 168 2337
135 919 3978
671 52 4017
11 242 2922
237 242 651
637 351 4509
1091 831 1796
717 528 3175
83 834 3375
708 1072 2877
90 464 2394
514 773 1771
227 952 24
888 483 4055
1026 7 1618
745 192 792
573 972 1225
148 426 4382
201 225 4014
458 560 3151
793 1092 3836
993 273 3655
542 1008 4152
907 412 2592
468 956 2004
1094 797 1714
232 345 4330
656 680 2380
543 970 2540
894 691 49
677 218 4731
339 489 869
951 682 2990
60 1051 4438
638 428 876
456 448 3983
597 291 4771
46 384 2815
403 350 1526
755 766 1335
504 452 3046
631 519 3414
258 247 2888
625 609 656
711 176 4146
437 93 3898
988 995 1455
180 253 4607
983 754 1963
234 972 1271
51 958 4092
668 933 508
1092 160 1712
400 179 2328
1046 282 3768
654 1052 3078
726 365 4481
215 164 4079
965 1057 313
219 306 1254
768 805 4083
631 700 4411
991 350 1187
760 251 2954
969 1005 3396
724 1078 2540
719 451 1431
433 853 489
369 991 647
407 819 4577
78 1089 4124
674 33 878
308 784 97
258 525 2364
642 313 1373
1030 1085 2341
993 192 2143
35 813 3136
701 290 2286
395 671 4900
198 651 1548
398 863 463
295 291 4825
872 1104 909
123 984 4369
900 835 3777
577 735 789
271 520 248
176 18 4016
845 427 2432
401 369 3180
219 427 4683
637 312 2107
257 421 531
917 625 458
674 210 2209
460 723 1244
605 370 2049
523 327 4737
731 104 4474
827 1019 369
267 958 429
251 1028 4758
556 222 902
962 648 802
690 635 214
348 751 1632
346 693 3326
380 464 3368
887 981 3547
40 890 694
651 474 3171
664 218 2679
335 795 4104
147 1090 255
712 1016 149
727 220 1695
503 892 2090
423 886 2862
690 104 3992
1089 994 1261
811 285 4084
240 30 4867
980 413 475
823 1031 1326
586 127 4021
143 59 2194
818 395 2153
757 167 2248
60 781 1752
117 1072 4268
482 210 371
111 848 4135
380 947 1522
75 810 1778
899 162 2135
742 321 4280
603 273 672
110 644 1887
150 761 1534
605 504 1002
744 239 1229
149 410 2181
466 725 4112
865 124 1715
132 214 964
784 581 3577
110 149 420
204 476 808
1036 364 1007
137 1004 3904
361 728 1416
998 836 455
105 215 283
171 630 2509
62 649 2270
907 1105 2863
544 14 799
908 865 28
1110 1076 4331
692 505 1008
1106 9 3704
895 1069 3907
378 595 3767
602 91 1327
736 117 765
506 804 4470
58 960 4405
401 70 1562
870 99 3174
642 783 2992
626 925 3150
188 645 3583
310 832 1400
763 82 1760
807 177 182
188 922 2740
115 491 3210
1053 204 3370
261 538 379
882 984 343
280 365 2115
760 766 1308
6 149 530
720 481 966
96 32 3339
778 368 2282
492 211 2973
218 774 4977
379 258 2560
282 152 4788
60 709 1003
43 1028 4346
95 1076 785
610 67 3506
213 425 979
453 323 1035
322 171 681
239 323 1906
424 524 936
280 830 106
811 401 1535
946 233 4459
175 930 1503
412 906 2967
671 832 4043
1017 37 2851
1071 123 4149
941 291 1603
218 472 3989
368 949 3409
170 796 3988
735 881 1424
544 721 4277
424 655 4452
1086 359 522
402 1079 1239
1080 1099 2203
131 572 4171
757 388 2115
323 955 2604
174 437 1492
333 636 3701
617 126 4033
619 754 4557
224 328 3089
62 856 4386
980 229 4721
782 1053 3746
288 899 2485
163 232 4279
889 834 4421
314 776 3038
1065 609 2802
784 874 1928
173 934 3386
714 1071 3054
785 598 1161
309 166 4829
328 672 3352
665 970 892
638 90 3548
975 112 3508
6 486 2799
387 533 959
672 322 2585
462 1 1502
114 859 2123
838 697 2003
416 880 2762
385 1084 4883
652 839 2945
962 356 4417
978 82 758
991 490 1846
924 1105 253
298 131 4414
658 902 3792
539 703 1099
148 253 1694
953 695 165
1045 50 4208
972 155 1440
253 432 1244
108 39 2539
667 732 1773
240 184 4763
402 549 966
595 319 4340
887 1105 3576
779 168 1937
313 268 4736
681 615 4443
68 941 1353
517 475 3179
16 836 1515
1037 1067 3509
203 886 1752
33 304 2316
345 739 3921
1002 594 1138
873 292 4734
672 220 2108
125 997 437
793 190 2224
478 315 962
258 861 2530
941 318 3244
406 829 3989
953 98 2170
1066 896 4812
580 537 51
351 935 905
401 42 4457
884 310 2387
265 1096 4656
386 606 3688
975 319 4564
394 614 2063
682 362 591
1008 624 2673
984 271 4605
1033 892 1234
635 111 4656
654 643 3809
733 528 726
1002 778 3465
342 861 4127
977 572 218
243 781 1271
794 30 3872
396 266 939
770 747 1380
967 552 1371
110 308 1264
499 908 3929
1090 596 4964
66 246 1530
825 410 823
160 700 1949
106 610 2031
422 366 1061
714 532 4352
493 150 3292
323 206 3914
535 128 4005
669 290 2111
997 583 4199
368 380 1430
576 792 3222
782 8 3742
1049 495 1830
92 1024 3375
497 113 4316
598 5 756
738 568 2367
322 1069 4489
49 229 4111
794 347 962
408 478 292
662 227 4184
1043 652 209
715 317 3290
837 390 1075
455 518 2383
1091 207 68
920 626 4636
787 128 4898
813 846 285
291 115 1142
79 575 2304
778 254 2728
162 201 4245
799 813 4419
226 613 648
214 169 118
959 461 1796
163 625 966
697 825 2311
917 460 4770
204 41 3064
664 192 152
592 196 3075
526 115 4407
1000 785 4845
973 1099 4390
205 398 2976
1007 1037 4589
786 302 3846
21 978 4807
49 255 3624
591 768 490
681 547 1045
66 556 1115
85 773 2125
411 207 2244
71 440 2773
790 848 4016
945 38 2252
467 146 93
990 588 783
393 104 4230
838 432 3398
485 312 986
602 425 215
272 537 4628
218 1036 3221
1008 244 437
905 931 4342
745 774 2781
354 571 3091
376 995 1642
228 1022 2427
1078 377 1104
962 48 3446
1062 470 4524
127 409 291
433 422 3647
471 935 1984
237 948 654
822 1073 4825
389 92 416
190 271 102
342 55 1740
374 985 4607
271 645 694
3 841 977
109 351 596
70 643 102
792 733 3998
354 1062 1033
605 785 3094
50 1041 4494
554 434 1358
897 395 2959
908 239 3581
98 227 2796
34 459 1918
593 976 3954
118 670 4081
585 54 2880
445 175 1461
185 164 2600
722 455 3462
465 865 4702
1097 308 4081
774 237 4094
724 1010 3855
874 693 771
1013 113 3885
392 254 1350
263 816 2246
720 10 3913
18 577 2947
869 639 698
446 435 2511
272 317 569
701 537 4704
689 405 1307
1048 948 3338
180 1086 2394
930 1062 2565
228 921 4684
790 919 4648
397 388 4492
504 462 786
640 1045 2127
434 451 3244
748 649 2198
929 202 1931
562 8 3707
59 146 4534
740 311 3826
1080 1012 3497
728 991 695
1 404 3165
880 494 2765
270 804 1150
239 377 214
955 1088 1076
1064 1108 1043
678 847 2396
5 585 874
1090 454 2722
227 824 3020
130 303 3036
402 1013 4213
381 594 3193
897 250 3706
441 415 1428
672 22 3766
960 466 835
362 680 4442
493 843 2959
627 808 2499
893 466 3837
178 829 2454
980 13 2666
945 780 4878
674 67 4230
453 129 3294
499 969 3716
1072 1047 4489
1086 1077 3855
212 510 4691
759 449 1021
1082 152 2926
274 157 4460
612 1089 785
1057 908 3834
55 878 4699
679 83 3451
903 632 143
167 159 709
389 239 2080
423 542 1305
418 958 1348
203 1098 2397
449 224 3581
1081 847 3324
658 154 2904
172 680 1555
79 867 3201
559 337 2190
169 49 3633
383 1082 1208
350 720 3036
823 264 3218
609 1073 380
13 331 4338
267 971 2887
745 65 2805
478 653 3279
495 810 4512
872 1046 3679
937 228 3655
175 442 913
715 1003 4883
909 190 752
620 598 455
886 630 3038
634 422 4274
492 764 4879
535 207 4466
204 86 4675
424 174 1167
667 773 501
126 14 2113
85 1083 3482
220 495 3643
309 151 890
269 129 4355
523 811 834
998 206 3041
133 148 3080
686 813 1956
343 523 1994
717 1059 1125
693 140 4077
680 1007 4996
990 73 2971
963 1045 4805
380 272 4357
120 143 1273
404 498 1170
49 839 2631
464 917 2684
951 1081 2909
4 503 2822
747 195 1608
791 470 2760
883 425 1055
156 152 2570
639 1066 2684
701 441 3626
959 364 1849
228 215 3815
323 598 2983
996 973 1857
478 824 2207
237 64 3883
88 937 2569
269 166 1714
647 829 2883
175 458 1022
129 908 3852
1063 326 1172
1107 491 699
795 672 1197
785 57 3126
383 958 3930
201 391 471
362 922 2031
1095 770 3868
704 1005 329
1109 260 301
856 553 527
812 538 1179
948 805 3046
930 772 818
958 938 3135
124 718 3259
579 861 4997
310 302 2789
370 964 3546
204 833 1492
88 97 90
203 998 941
341 1065 1321
191 64 1654
169 796 4222
1088 580 3695
420 498 2987
696 863 2158
402 227 1874
659 673 3730
286 141 755
1079 212 2375
302 310 3349
103 1046 3387
501 473 2537
270 294 1920
242 512 1808
31 24 4571
783 733 4834
479 681 1623
792 973 3763
5 882 518
854 796 2878
636 656 2533
559 875 4698
893 68 4154
605 113 3498
434 659 2142
883 1109 2278
877 107 1402
440 243 3620
34 936 4493
970 470 4897
284 334 4340
260 238 1827
537 50 3184
381 378 1171
392 145 2900
445 211 3268
267 531 108
511 997 2230
748 1021 2196
1030 960 3494
638 936 3826
880 519 393
621 1083 3568
541 863 1837
774 121 4642
538 202 644
3 434 3510
261 868 271
1052 906 905
1059 646 4596
476 838 3245
666 565 132
392 518 1897
655 704 2848
38 977 3451
365 3 3314
650 523 4723
388 734 3542
39 549 1385
483 341 3256
581 632 3527
137 117 1999
1063 138 3992
616 759 4034
798 296 2930
775 988 2046
917 806 1512
637 840 4836
621 886 1773
321 486 1459
112 532 1863
674 491 3375
308 899 617
557 1033 4890
921 521 267
142 1063 3891
280 356 3491
765 977 2406
653 938 4392
590 156 4239
159 503 3854
989 601 1686
670 320 3977
951 89 4896
1013 945 2315
377 730 4739
317 418 838
50 378 4609
159 898 4108
274 1101 4705
506 187 2465
650 162 4024
1090 616 4438
2 355 3634
138 1032 556
116 785 1687
644 1042 1616
1052 875 781
366 1051 476
564 510 4896
503 836 11
227 896 3128
1001 690 2125
357 332 1006
1028 321 3381
131 695 2223
1027 454 4314
1106 256 2218
209 81 4244
757 974 3417
750 521 3729
368 496 2597
311 252 3186
780 1045 3096
228 391 686
129 524 4258
794 936 117
130 855 530
752 695 4637
763 264 4508
1087 732 1541
269 675 4368
809 814 2615
340 724 2016
929 303 3069
9 993 669
1085 680 201
917 365 4288
497 584 4680
459 463 1098
333 147 4643
5 781 2862
344 1066 4769
755 668 5
429 1049 1118
807 574 1175
274 741 3539
754 391 75
85 614 4801
1096 1051 4231
925 758 2261
96 570 1772
77 704 887
444 502 1553
172 349 689
811 7 2184
923 417 2692
814 804 2813
124 1031 269
528 348 225
585 656 756
272 63 1779
755 73 1257
102 997 718
559 949 267
672 49 4944
521 289 5000
263 533 3993
930 999 3732
133 578 3622
8 1000 384
545 903 3236
897 560 3575
25 645 4581
731 531 62
945 159 309
453 913 2653
866 213 4963
46 922 3282
373 735 1505
651 1091 806
119 213 3302
1076 397 454
808 983 3002
608 947 2290
261 616 3717
249 657 4270
895 970 4874
203 838 1423
22 989 4084
401 556 3337
108 407 1234
1020 212 2911
699 412 497
1002 308 161
188 922 2655
1029 322 159
430 957 1665
294 114 1349
723 447 4138
13 1057 1201
971 314 4128
357 1104 4265
839 984 1934
93 924 944
180 259 3522
886 341 2877
638 161 139
884 140 1143
817 661 4698
991 318 958
1102 391 2930
46 520 1241
129 859 237
532 796 459
473 893 3437
818 524 4543
981 1095 356
599 352 3722
1047 454 738
787 544 913
917 100 1291
165 815 1958
557 392 4083
149 368 3977
689 5 1776
335 266 2155
1036 443 4533
469 613 730
811 670 1979
710 672 4332
516 586 1972
287 1057 2449
528 626 4191
106 1110 3798
880 40 776
398 369 4000
665 522 1691
319 85 722
694 620 851
287 173 4133
894 743 4931
975 722 3697
436 645 4539
1048 715 3326
750 967 4387
972 855 210
1104 668 3769
813 1025 4788
679 364 2019
486 883 3218
741 881 2486
979 674 1319
546 102 1676
401 749 2288
168 993 4270
28 138 1486
424 718 245
292 625 3380
549 1081 2375
497 1103 1098
422 569 1525
2 826 3860
33 213 3708
157 1062 862
282 549 4753
483 143 3659
360 569 2182
245 767 1827
715 240 3344
490 1020 3953
980 112 4889
640 463 700
759 1002 4282
895 354 297
554 286 2651
175 152 773
661 967 2559
507 1002 3442
172 754 54
842 507 2976
206 320 3848
747 1108 3772
237 864 96
943 563 3412
197 507 758
394 8 4007
874 392 4455
518 1005 587
183 120 2917
697 932 1894
644 1004 3223
668 240 115
18 839 388
84 961 4314
134 177 497
44 820 2355
135 671 2908
424 1049 3701
393 1 4307
760 636 4041
850 1065 1660
869 308 4800
817 611 3235
45 441 4107
316 530 3520
1018 172 1428
765 858 3748
833 227 4870
679 432 4857
987 492 4026
867 341 675
727 520 1866
1033 95 504
778 946 3633
852 690 1337
464 865 4280
467 415 2599
446 484 2572
693 632 646
461 358 4578
1092 925 1330
189 172 1976
1069 1033 3972
827 514 1262
7 612 942
745 588 324
906 606 4128
182 928 1400
973 1104 1261
532 288 4165
83 830 1786
493 995 4364
350 378 4228
614 412 2881
269 495 2719
938 1044 1482
437 394 324
87 567 1553
949 546 3154
94 801 693
133 944 2288
45 226 3418
315 947 70
644 997 464
333 360 1193
433 219 316
94 569 907
1084 102 1733
807 556 4630
909 665 3429
1084 711 4778
450 679 4582
974 767 31
279 146 1180
856 999 4709
8 107 1269
551 638 3961
126 395 2837
336 58 2630
975 732 1091
465 231 672
548 993 2346
135 0 4486
812 273 1499
1070 488 4976
778 946 4192
803 581 2522
911 694 1972
1068 288 595
109 502 4683
757 13 4888
73 999 3340
486 661 3590
652 884 1729
14 637 2529
431 814 3279
704 604 3622
937 396 4682
135 771 2391
696 535 1349
636 1033 2822
63 143 3566
927 7 2304
723 907 416
477 650 3151
1042 451 2232
492 578 2250
3 987 2913
461 277 2871
948 1083 3880
867 75 2986
50 202 2462
816 1078 4946
520 618 2841
692 794 1481
512 628 2466
585 602 4964
1021 106 1573
407 531 835
354 850 2844
1074 88 2240
724 613 1881
492 435 557
1037 190 2054
999 736 2255
75 510 2828
443 682 4092
1012 1033 4827
272 555 2362
618 163 1717
531 935 1072
1024 944 1001
567 935 1110
1027 640 1763
429 692 4815
981 739 3075
6 871 2877
1040 369 1942
62 578 1429
376 411 560
101 359 246
709 239 315
990 272 2324
298 11 4614
1017 778 2284
505 378 4241
423 411 307
212 53 2385
738 373 4495
366 1108 1319
834 952 1650
1029 561 175
137 669 538
270 518 3048
503 757 1461
142 378 93
783 1033 3016
546 547 602
279 656 4376
250 227 936
663 59 2258
295 973 4826
655 1104 146
928 250 3749
463 836 3909
860 669 2768
403 938 837
309 989 786
912 1110 988
833 176 4311
524 215 2330
411 890 494
91 218 574
836 600 751
600 123 2344
875 677 1156
269 1094 4827
142 572 3919
970 719 25
663 1051 4259
444 896 1611
450 829 2475
26 618 1106
101 211 496
1011 610 2907
577 782 2424
640 851 1917
660 16 3262
772 499 1410
1008 1053 1257
708 875 194
826 1097 3540
871 29 2661
1039 1029 4728
938 490 763
613 699 880
136 153 4437
477 805 621
604 947 565
88 523 2222
372 962 626
295 1096 1204
1059 889 1001
777 1054 528
694 985 2326
393 575 617
560 579 3426
196 1075 101
851 589 4522
208 56 3293
19 423 734
786 260 4811
442 1091 4534
97 844 551
242 773 2820
36 676 1190
342 443 2127
266 374 2961
812 727 333
1096 767 1773
333 1009 1332
1101 902 3954
133 529 3862
1052 604 2599
601 17 2067
732 1107 1178
363 207 2540
1043 575 3739
523 117 487
644 957 581
56 164 1253
484 605 2737
505 237 4700
786 177 617
101 46 4851
903 364 2812
908 421 2700
715 413 2265
318 973 178
914 671 2137
916 387 2915
904 1053 2653
232 283 4339
914 1062 2763
657 774 398
1084 1086 67
402 564 3043
549 785 2928
322 345 1098
207 398 1889
119 205 520
1104 585 3660
616 858 643
1091 214 263
761 327 2434
756 827 2641
741 279 3390
14 577 2436
589 149 25
417 405 639
1014 8 3805
687 581 3684
48 792 2513
160 866 208
1032 495 4158
923 946 3240
1020 920 2844
370 619 1122
662 1053 1923
757 246 1818
717 765 2901
882 826 893
177 294 4428
201 713 2150
980 511 2877
338 390 4966
547 571 764
579 542 4226
202 939 2916
1026 228 3695
915 643 3918
653 814 2176
74 782 3015
415 480 197
21 813 789
385 425 4025
142 580 1806
362 912 789
1035 482 155
224 297 1979
947 600 886
444 988 745
173 786 1919
334 350 1863
1044 319 4888
161 1078 1363
932 376 3163
499 850 3581
232 669 956
135 956 1229
342 328 4184
194 755 4879
659 780 1132
357 587 4121
611 17 1814
410 635 628
993 890 1433
512 161 1237
788 323 618
865 276 528
285 33 3581
396 493 1390
199 220 88
979 961 4056
376 145 4566
162 535 4689
239 594 545
976 516 4108
799 343 1983
427 974 75
563 209 4078
612 1013 1896
981 614 1594
282 63 4598
569 308 3061
1050 531 340
614 955 1741
503 574 4485
1097 994 3047
431 708 1373
31 312 1151
821 594 4188
173 985 3701
155 363 3259
38 1033 3237
818 77 395
72 494 2202
984 563 2360
951 976 4783
475 542 2299
1049 542 1195
467 212 2007
853 342 787
500 114 3807
923 613 4350
927 110 4360
576 375 2371
1023 757 1364
889 467 4451
310 735 4468
395 660 4021
144 560 1558
262 170 971
623 599 2583
1094 1053 2164
685 711 804
531 1068 1430
84 753 2375
597 745 3050
694 229 4558
515 526 2796
440 1042 3511
947 251 2038
857 791 3983
909 395 716
18 163 4083
304 1083 2233
957 54 1668
190 514 1170
950 235 2187
976 206 2191
455 543 681
741 999 370
123 511 3628
386 80 951
988 996 2647
670 835 3671
415 335 104
424 297 91
817 120 3937
969 1052 961
249 975 2520
1090 56 4434
822 139 4641
464 956 300
479 744 3002
647 401 448
425 550 1273
296 441 2552
281 781 2522
482 541 3960
429 371 3531
975 622 2430
775 579 3229
674 458 3109
281 606 3487
523 348 3427
197 410 3714
655 28 2450
497 401 3534
247 100 1220
1071 837 2945
638 199 3998
693 879 3364
888 954 4290
570 24 3341
185 1041 4145
330 791 2562
450 73 1325
439 809 4613
928 302 1602
276 1032 2334
908 763 3763
205 208 3527
904 50 3765
618 809 3653
957 537 4348
191 671 3315
703 1059 1760
426 20 3163
977 316 4906
474 465 2888
471 487 4529
1097 420 1534
560 530 570
756 324 4024
300 64 2018
921 915 285
764 784 889
570 717 3025
960 880 541
224 1031 745
335 781 3552
975 871 74
928 258 3699
326 337 3617
1081 626 1655
256 327 3946
677 537 1375
402 99 1584
272 838 3881
1074 692 4698
50 1097 758
415 822 1741
442 349 1116
247 1031 669
182 277 335
738 894 1954
217 962 3020
205 67 3069
504 689 1317
658 974 1696
139 781 2871
1034 1016 3427
66 632 1907
973 688 807
1081 93 3677
938 1067 1086
1012 41 1483
1050 989 1433
833 489 2265
480 496 4780
641 731 2404
639 966 3735
99 89 32
36 894 2711
32 725 4896
703 902 1282
368 873 3688
539 470 2019
650 1009 1642
169 565 3711
393 911 470
3 1047 4683
896 664 1304
284 15 2477
627 304 2259
361 237 3075
662 566 1115
935 686 709
590 937 154
1029 63 2179
537 239 2271
659 924 402
134 578 2724
202 85 2314
722 985 4213
889 571 3381
194 490 1090
202 4 2664
93 817 765
146 538 4355
386 745 2398
55 1029 2602
879 1087 2997
1071 386 1176
34 841 829
997 387 3247
1078 924 4599
1110 454 1839
98 559 3185
149 6 4440
862 681 2686
383 943 2932
319 7 1909
618 715 2381
385 4 13
914 676 947
107 191 4021
389 573 4866
971 383 3666
853 670 4750
378 407 2853
214 183 4739
927 855 2009
621 380 4853
477 825 717
117 976 3523
365 574 2399
924 284 1436
526 98 1913
975 620 1544
412 1109 655
991 1003 1861
527 315 1785
1055 837 2737
1018 98 4975
794 1014 3063
721 662 2448
368 906 4657
931 541 1101
470 839 1625
938 996 542
712 1060 4314
605 452 3444
231 415 3035
191 374 550
542 1100 248
843 17 1867
346 150 3704
843 87 664
618 81 4911
639 471 667
995 878 1338
611 267 806
898 529 3403
1085 515 4656
936 146 200
338 232 1401
131 50 3681
590 526 1612
291 800 2898
374 982 3781
393 949 3074
128 446 3677
1074 953 102
335 131 4760
713 726 1829
708 1076 2649
652 229 1733
821 1073 3033
501 850 3272
537 1058 974
962 377 253
452 110 746
71 460 4265
398 576 173
755 519 77
358 720 518
1101 1090 4865
450 332 1537
120 422 1801
402 789 3930
1064 867 2613
184 407 3305
817 973 4252
307 680 3773
917 377 922
418 1074 1044
85 1006 2144
921 436 2339
841 486 4829
1043 342 525
323 837 3260
975 40 1617
314 504 463
222 27 1908
405 712 3753
1096 620 3967
992 568 1475
498 1097 4884
620 330 1135
78 406 2364
852 356 990
70 806 1097
857 438 1629
94 790 2425
462 917 1313
314 603 1923
853 984 1074
1022 772 3701
560 104 1041
752 847 582
181 27 1062
823 382 4454
221 262 629
176 652 2288
21 82 2929
494 18 3694
479 931 3984
187 401 4445
817 16 1300
945 848 1733
981 111 2415
316 113 3689
61 396 4101
517 656 4899
971 802 1921
198 1100 4226
533 488 3134
705 565 2951
439 103 3425
207 1016 3605
336 703 3115
151 483 1668
645 310 852
827 832 2265
962 876 1383
847 590 3540
887 333 69
844 887 3455
685 43 3992
719 873 4341
193 637 803
521 1085 1803
453 652 4248
1090 482 2135
496 398 87
902 333 2563
554 41 4262
518 328 445
394 540 2110
204 867 4895
836 637 2558
44 317 2346
733 804 4535
601 483 2267
665 367 4009
702 1001 2773
580 336 2329
325 337 1841
511 1037 4318
498 813 900
983 98 2892
242 714 1297
837 48 2169
1003 612 2130
985 985 866
626 1047 4364
27 185 4628
508 732 1096
700 567 3563
657 444 1232
863 554 4652
137 409 3920
350 874 483
76 296 4341
24 910 768
158 337 2053
1029 234 1978
168 39 2679
958 898 3191
412 872 1814
825 506 2261
559 835 45
1009 1081 4472
498 37 4517
827 431 3918
87 664 4771
85 1027 4936
460 722 3215
271 848 4037
187 462 2545
756 705 3861
547 78 993
205 236 3052
620 281 1062
1000 337 4298
595 942 1280
167 472 1484
239 375 4266
1094 832 2926
342 105 3454
732 27 2224
323 347 2002
539 55 773
300 1017 2923
1058 421 2830
115 247 2289
553 581 771
1081 228 4174
1076 891 4101
720 500 1774
398 431 2692
435 916 2701
442 1003 1504
98 1011 2744
1042 454 3908
595 963 1398
908 863 2275
18 634 204
632 152 4433
464 797 3690
164 797 516
442 646 2909
1071 1023 4972
88 834 4774
390 892 3690
721 828 582
573 468 2387
981 261 1194
553 400 310
132 666 4601
821 35 2522
72 100 4278
731 841 4364
202 212 3008
267 155 3605
879 671 148
463 571 1256
718 665 1282
741 122 3851
14 519 4041
945 141 4791
576 192 2977
699 186 3194
1031 1107 330
947 218 2174
618 725 3956
532 61 74
1024 46 2975
936 100 4082
782 502 2312
675 1087 300
181 254 1684
929 941 3138
638 878 2616
1054 899 3851
809 26 3051
443 146 3133
840 988 2115
71 1079 43
911 553 3615
794 253 1208
938 286 2438
185 296 4647
307 883 2461
997 53 4141
699 234 814
726 822 873
81 464 2384
17 779 3421
1083 669 1584
207 348 4461
404 286 1751
51 1079 3316
1081 273 4538
133 913 861
1108 691 2529
884 564 4104
628 362 4076
360 822 4405
1038 901 1478
667 1108 2644
665 354 487
932 1068 1085
921 408 4858
720 466 2420
781 423 4346
213 991 4952
790 701 3459
593 850 3040
63 57 199
875 520 3321
424 1012 746
319 47 3122
804 1096 2204
898 414 771
765 413 1270
446 505 892
93 651 3384
920 7 3539
163 545 4806
64 742 2660
468 1093 390
587 1061 2791
259 1106 4802
521 595 4949
155 24 545
550 587 4609
949 665 4539
36 133 229
1002 700 1761
78 104 354
198 329 969
1107 189 14
678 857 268
182 923 2446
850 593 3452
840 664 684
239 1074 833
763 405 1951
1064 662 4634
810 658 1023
884 574 3256
96 1043 2755
293 1034 3950
74 229 2184
128 171 29
989 163 4458
271 671 2364
472 425 3105
595 333 4893
146 818 1828
842 483 4582
229 197 1542
865 726 3628
271 722 233
994 976 2157
501 157 3859
1075 771 4450
419 693 4953
844 83 2892
1071 127 2062
623 794 1715
517 198 3366
966 198 2454
214 616 1561
481 288 3156
86 611 1919
254 972 8
102 263 3090
153 938 2007
185 916 591
313 134 2336
22 135 1404
182 747 149
877 175 1476
338 358 1772
716 578 2883
717 410 2576
627 916 1917
153 238 2941
469 516 3601
951 120 2552
511 5 1240
931 71 2689
30 884 1044
1012 89 4389
1003 561 1555
914 936 1203
1 190 531
879 701 1463
166 230 1438
442 654 1068
1068 259 2700
517 64 4537
962 1047 3994
1052 640 3084
79 994 4177
269 434 4783
769 489 2027
149 1047 3941
1011 838 2769
998 1058 3968
728 735 1946
652 960 81
930 1011 926
486 802 4921
980 1096 4597
521 928 3296
555 575 3471
985 624 4891
140 975 4239
506 189 474
398 116 975
184 590 3837
95 527 421
36 422 843
779 387 1927
470 696 1913
216 294 318
554 65 3947
130 121 4449
364 1074 4342
15 630 263
584 962 3275
155 674 3943
462 170 4603
655 460 1667
542 906 806
688 247 1639
50 460 2965
465 829 1821
576 1098 2638
885 1078 2258
312 140 115
123 959 3570
575 467 4460
376 510 3494
689 640 804
270 138 828
568 640 2716
478 260 266
605 759 125
655 992 3402
402 260 2621
375 266 4793
792 82 2425
911 632 738
358 231 2113
185 2 3336
943 700 135
694 90 3452
154 247 1698
747 72 3911
1078 305 1697
345 268 2601
496 1107 3182
771 589 900
573 521 4275
1009 174 874
880 659 1916
635 171 1489
411 714 1198
865 914 2196
683 18 1841
868 846 69
331 108 4796
216 836 903
284 156 1727
841 559 362
92 453 946
1015 900 2503
495 68 260
343 277 565
976 449 1683
339 100 652
770 111 4469
915 734 3325
938 774 620
827 237 496
37 156 4220
838 281 4434
646 12 590
1097 44 2892
341 832 3135
28 1080 672
917 744 4350
747 493 3321
87 1024 3513
626 725 4790
1084 928 474
932 68 1862
444 1085 2290
541 225 503
671 240 3718
791 973 3814
983 118 1703
973 655 2669
523 81 2942
623 130 2721
98 245 3383
819 939 3756
533 598 4584
874 415 2455
51 390 1145
700 740 3838
842 992 4023
251 429 209
707 205 2446
733 551 700
464 774 284
412 927 2033
996 999 4087
328 780 98
943 92 2125
36 1001 3548
666 154 2893
536 357 3300
726 1088 3897
695 373 785
864 94 1377
550 378 541
708 106 3804
438 765 758
993 344 2565
35 963 3657
686 1004 3678
173 859 1073
832 124 4421
1077 793 145
94 174 2038
219 878 3445
603 1056 2115
875 159 4346
729 152 1034
411 878 61
279 681 4831
237 997 944
944 527 3381
181 817 1216
868 592 1217
315 822 655
369 578 4844
866 245 3591
481 449 859
172 416 446
78 942 4975
263 243 654
1043 687 3925
853 67 19
128 418 1583
1052 247 2016
620 452 1291
184 909 3632
264 885 2706
118 545 2522
351 204 3756
728 742 628
80 268 2844
1093 640 1754
960 557 373
173 1093 3835
833 349 3666
1018 461 784
701 1033 948
369 627 2409
917 704 3729
227 906 2874
69 662 4432
427 164 1004
252 911 3033
430 914 4573
314 200 1948
664 267 4407
295 743 2166
646 588 1915
194 1078 236
187 606 1258
1018 400 3100
802 151 61
788 1060 2516
588 579 3330
441 749 4332
1065 627 3491
553 480 3116
281 1051 3007
665 555 3441
262 542 3777
912 660 2151
325 111 2462
721 927 2400
155 344 1037
277 147 3306
850 753 2189
141 540 2083
660 576 811
444 655 1851
1018 238 1972
212 104 2457
617 445 36
1019 882 1591
1095 472 4396
727 660 1470
603 92 1123
576 140 3433
824 962 4899
191 542 2842
857 350 1650
195 489 1651
868 691 3134
312 474 1257
94 444 4284
631 298 1999
935 691 4685
73 390 3236
517 272 1418
577 420 11
965 606 2518
702 849 1687
239 668 2050
60 697 3274
987 170 99
360 731 575
895 574 2279
793 899 2413
498 826 3244
1068 350 2514
467 869 1962
428 1055 3085
357 925 4271
535 121 1222
593 524 130
513 487 4205
575 937 3180
776 287 1417
939 946 2631
54 678 660
1058 226 2349
564 98 32
604 500 889
93 127 2807
628 332 2243
7 1050 44
1104 504 99
251 412 776
362 544 3310
713 365 2588
489 976 4560
661 979 19
29 631 3353
188 293 4699
769 524 1936
446 572 4184
389 81 4819
650 1015 1051
853 928 768
486 246 2360
114 107 3686
644 796 3514
780 961 3375
1036 510 687
67 380 3598
714 532 4475
703 939 4023
605 945 2394
947 494 2053
825 154 4821
9 758 2500
755 16 3052
875 78 4930
858 689 2953
647 1046 1062
343 523 4795
461 638 1986
1020 235 51
551 658 2152
115 562 733
1108 372 2863
1076 623 1174
85 536 3527
461 1004 4724
705 416 1817
1070 199 2876
765 645 1867
673 586 2342
0 232 1564
912 247 3779
868 611 2690
1084 526 4692
612 827 567
193 546 871
477 1031 4898
489 1063 3396
854 709 1113
1093 688 1569
501 694 223
476 961 2611
790 380 3258
439 999 4037
1000 876 3573
1072 1036 4316
1001 367 3677
1079 811 2586
29 266 1060
553 57 1206
624 438 3628
820 128 241
771 264 3081
955 974 1511
948 317 3272
128 277 3889
509 659 452
234 751 2072
37 878 4794
85 704 2719
53 333 2692
703 71 4507
346 753 2969
788 521 2964
938 816 2014
597 844 3556
994 196 2778
751 817 202
928 916 2352
889 683 2846
723 900 2776
213 1108 3383
427 1081 1793
713 690 1409
526 201 2214
300 297 3529
602 885 3579
1092 293 1419
350 641 4843
1043 750 2672
376 553 2806
620 1095 3689
449 1029 315
383 223 4591
337 1061 4373
340 538 3479
137 967 1921
278 926 4635
2 908 291
225 1099 1358
683 923 3040
516 301 3416
277 275 1230
553 444 3715
943 1055 1482
635 481 2652
928 823 2813
389 729 2480
29 1088 4996
74 14 2891
318 769 696
315 1098 2501
513 307 3411
661 523 3336
426 667 4886
315 237 3601
617 1107 4803
362 909 2007
919 824 3173
820 773 4065
176 280 1342
388 994 2666
180 934 3850
251 96 1178
1060 1100 1532
1068 828 446
0 1004 2478
137 387 4565
826 857 1457
679 569 4687
13 113 3107
55 1069 186
803 848 3309
572 797 2253
840 119 3543
462 1081 4323
84 509 2081
290 1081 3594
407 686 3825
20 947 4818
684 704 85
453 349 2524
248 154 4199
221 133 2230
722 328 3755
947 1042 2870
1032 999 964
772 865 2673
210 673 842
71 13 1537
1009 892 2168
447 165 1386
785 72 1621
807 474 2388
543 662 3735
647 755 2701
417 349 4424
46 100 432
1031 1015 1900
457 130 4900
152 162 2105
670 241 2946
487 64 2774
871 624 4505
626 805 1244
491 803 4723
768 841 1165
152 492 4566
444 18 1263
920 82 3574
336 1087 4931
23 412 4802
998 503 3833
374 38 1494
798 685 2936
472 274 3944
914 26 893
565 788 1249
252 780 965
596 177 1572
523 447 2632
1100 234 3785
889 750 273
1099 166 1744
790 418 1722
719 880 4523
63 451 2623
313 555 1014
880 720 1850
609 487 4011
350 712 1270
84 23 3078
478 6 739
933 478 4045
34 1055 4008
7 346 625
526 844 2490
453 638 1754
674 890 1144
1046 6 3486
538 208 4647
42 604 590
30 1032 3875
857 67 1860
543 228 1676
264 853 890
861 848 59
70 110 1586
136 545 425
740 178 1304
381 686 2065
162 245 512
1078 715 177
649 37 1029
840 756 664
944 857 3825
119 554 2158
823 703 3915
219 195 4083
462 1075 1712
586 206 3120
782 243 131
576 250 1727
547 214 4450
519 78 4384
660 40 3682
512 905 119
790 89 4474
304 121 4473
953 190 3342
762 803 3504
923 393 1244
449 607 556
17 859 968
325 456 65
378 563 4351
306 486 2544
964 217 4598
533 484 2760
244 901 866
299 1067 586
894 665 663
703 189 4254
339 902 1864
329 184 1804
874 969 77
889 131 2513
442 103 883
873 1037 4230
621 763 694
896 71 2372
231 681 3410
348 577 3339
465 843 3217
228 913 261
47 424 3643
994 350 1100
94 560 3780
85 894 457
166 394 1920
1110 532 3526
355 1109 4894
540 67 3842
501 507 2076
465 71 2619
726 1085 4439
244 409 4190
399 189 3308
1089 1109 3885
972 816 1314
279 506 3654
366 227 3824
107 752 728
402 473 666
522 415 1338
202 159 2157
1107 545 155
801 876 1561
610 130 4004
259 1055 4073
1050 127 716
172 636 4465
152 828 2138
50 630 59
248 301 3889
952 124 4852
938 299 3076
111 337 4018
6 399 4144
51 246 1064
199 568 2130
586 252 4117
225 181 4435
29 150 1072
997 171 2833
180 565 1006
631 286 3102
436 908 1057
324 819 4820
841 575 1821
257 1092 298
204 997 73
170 458 3838
396 869 1986
217 809 4979
707 932 4219
560 1080 843
780 330 3754
336 137 1944
786 140 4747
766 380 2358
163 891 1135
962 112 2093
11 1019 4312
678 88 3669
612 20 3451
601 994 3884
784 208 786
1048 109 2637
680 423 2339
814 125 973
947 149 1471
594 217 1539
530 1037 2593
809 531 2917
899 1030 2026
164 367 2844
1089 112 1013
953 338 3531
421 978 3298
667 799 3925
96 745 4871
386 18 1587
622 286 378
660 1105 1547
690 416 1671
892 1002 2242
895 473 2402
1055 416 4673
326 280 1645
818 329 2645
100 628 720
557 869 314
24 594 3169
431 295 2189
558 434 2421
324 177 67
6 65 3328
500 10 2816
414 34 4149
868 1051 1425
125 956 659
68 849 1276
1070 183 2763
1032 806 1554
1090 873 4012
8 950 1742
681 711 4173
766 115 2209
1035 1020 4348
492 478 3717
705 523 4238
671 52 4559
825 1086 2064
501 260 2961
762 442 1237
432 13 415
1048 242 1242
261 392 3038
1109 596 3602
1060 154 2732
1082 285 4592
511 147 1779
1064 171 1547
637 444 267
604 409 1018
435 43 3472
583 31 56
175 1087 1260
797 885 3803
425 282 1354
301 587 153
30 206 4960
545 349 1952
168 144 4547
820 242 1136
1015 902 3068
635 688 421
721 223 900
750 807 1562
414 500 4354
893 292 2573
638 550 2528
965 463 963
561 1084 613
756 885 1722
120 691 3930
814 423 4702
1005 460 3848
274 604 267
736 398 598
302 865 1087
1074 440 3378
1110 955 1504
1102 320 1886
107 276 1350
584 968 828
222 880 3259
955 964 2453
782 334 1612
653 825 337
310 886 3828
487 45 3809
892 611 2890
63 857 3730
42 1096 612
718 731 1236
358 259 4330
89 751 930
857 922 2740
645 789 585
157 118 3178
973 385 2061
473 516 1223
1036 683 932
1004 624 3309
941 432 1861
332 383 251
518 70 4581
655 1037 1349
733 1054 138
372 601 2721
823 1092 4239
590 136 742
1107 146 4036
18 884 1763
267 683 1469
748 203 3876
139 985 3489
1014 607 1652
758 74 1212
473 680 281
431 631 1511
65 1066 96
580 309 1942
140 345 3808
792 572 625
242 557 3830
5 743 3775
81 427 2945
994 249 4122
377 550 4313
555 29 4095
983 837 2907
0 797 3851
1043 52 2806
869 1107 209
127 460 4
498 23 2658
399 203 380
814 1022 4957
1012 397 1971
1104 236 2670
1087 98 4277
472 213 586
1028 850 4779
47 1085 4694
17 656 558
948 351 1027
973 355 4895
752 931 2551
385 291 4051
378 291 797
547 684 1448
426 166 609
729 217 2250
623 479 333
734 795 2813
51 1056 4855
1039 989 2328
821 555 503
15 891 4827
1085 910 1384
321 470 3951
937 970 633
199 184 93
1044 129 3647
169 142 2723
1099 413 1489
292 997 2881
1011 389 2007
956 94 4844
954 300 4287
700 571 3528
1073 163 3828
975 174 2049
295 785 1496
513 432 879
425 25 1566
566 822 4083
253 236 2533
2 715 2100
756 349 2160
334 905 2525
401 942 46
1051 941 3747
355 178 4068
473 33 1648
436 185 937
643 758 4897
557 704 4746
191 630 2163
206 632 3105
822 724 4721
804 66 3879
1010 590 4770
174 925 2650
531 299 3702
1110 892 2880
839 448 1230
510 455 2575
455 66 1291
188 145 2885
431 518 555
902 133 4790
432 17 4860
595 141 3695
72 320 2326
98 1031 3918
64 479 1668
799 20 3827
829 1101 2054
256 328 4863
791 860 1145
662 596 252
346 963 162
817 538 3875
895 55 2804
167 26 1623
996 1090 2626
602 890 2677
165 362 2374
35 940 3374
956 567 1766
764 1052 2180
438 353 2889
665 724 914
567 7 3159
7 534 1228
731 676 661
999 88 2180
205 906 2772
524 1065 4427
738 548 2262
288 608 1629
329 697 3139
1106 131 4426
512 766 3168
642 368 3801
601 355 810
47 645 3108
615 417 3961
1075 529 1290
420 813 111
40 865 1449
5 303 2873
636 937 835
635 1096 1985
869 641 2924
783 464 2806
876 799 1408
209 560 2416
166 983 1221
336 678 3345
984 278 4931
53 386 1474
204 369 2139
1105 987 3475
871 1085 1548
987 465 695
260 520 4485
15 439 3211
827 684 2434
502 592 3477
1099 32 4341
1063 117 2425
1025 582 1886
236 855 3270
753 42 868
43 803 4981
25 526 4104
369 483 1925
273 50 100
367 127 367
688 809 1534
285 834 2122
307 743 507
949 765 4906
1000 877 2259
899 481 4761
986 377 4413
62 611 3412
178 920 4982
1105 371 3027
204 328 3324
542 45 585
1012 380 4835
308 306 1857
135 326 3312
715 580 1582
641 893 2161
1105 390 369
404 626 1498
126 770 4853
1044 594 4158
148 341 4454
505 713 585
876 814 2431
335 172 4644
17 190 4298
929 1048 2768
436 154 3776
260 505 4697
9 946 1594
1089 678 4701
570 305 2654
517 33 3133
1045 535 2257
674 519 2863
849 226 622
113 526 4145
1093 267 3301
291 509 4213
577 717 3887
241 63 2459
919 298 3522
896 612 3975
640 718 3259
824 1076 756
7 703 2547
997 215 2270
629 580 1916
375 262 3981
188 808 1336
927 734 1155
784 114 2814
572 695 1927
781 329 3744
718 1050 1379
454 246 3308
199 848 3402
181 846 3443
138 1057 2635
683 909 4871
678 895 94
812 947 3853
1090 970 1772
630 1074 2940
431 642 2059
409 460 2112
701 879 1418
146 1095 3671
764 449 1875
1042 240 1577
898 334 1411
965 572 2933
53 546 2386
575 343 1605
532 815 2492
336 184 1811
996 241 4823
365 135 887
680 106 2187
738 241 530
990 107 4347
537 1082 2817
693 355 4814
737 442 893
92 1057 2473
792 243 1337
548 7 587
75 451 3179
214 281 2100
1042 1078 4359
151 478 751
121 738 2250
678 1105 3236
1010 600 3377
1088 461 2253
34 1041 1742
402 775 3255
480 385 893
334 635 2115
676 880 829
460 321 1642
756 853 3964
1002 863 381
743 848 3722
632 296 904
986 81 2330
1014 577 1442
1070 579 1983
691 388 3940
253 1098 4198
455 509 362
919 978 1717
866 731 197
813 992 2057
822 241 2615
1028 1091 4605
283 965 4539
603 233 2783
317 894 4570
299 517 3597
613 767 4872
990 797 2891
241 1055 4756
1038 798 1601
346 828 4086
843 316 679
359 1096 1318
402 707 1242
80 397 3750
947 586 135
1017 1004 968
965 654 907
598 493 1726
1004 246 508
509 194 2091
1000 193 1347
448 471 1486
71 4 1848
519 719 4633
522 769 1055
367 428 194
196 270 2021
700 74 3251
1019 1037 290
117 550 361
456 320 4651
456 787 2373
205 324 4004
526 109 1265
532 465 4003
526 791 2096
611 1051 4076
867 138 2212
1037 621 3590
115 188 2323
422 41 4749
1051 875 4192
313 932 25
500 15 309
571 289 3068
674 840 3273
784 500 3437
895 86 2180
568 189 1529
779 66 2815
796 974 4932
135 104 3419
986 492 837
244 675 133
1071 11 4923
159 122 1138
478 605 2754
149 456 1692
957 455 643
598 482 3482
164 498 3316
820 396 3487
934 1 3435
153 545 1764
193 831 832
267 152 2670
630 428 742
877 1033 3800
638 656 49
1022 212 1224
598 973 2161
1094 520 925
187 327 1959
856 681 2311
361 549 3606
19 716 3452
475 810 3031
119 634 1376
778 160 4329
237 564 251
22 44 1944
950 283 1575
127 155 859
738 618 2309
807 120 803
493 779 1038
157 467 1985
503 704 4916
960 242 4765
680 260 4414
405 73 1115
619 1070 1649
481 323 3517
990 179 930
241 581 2191
480 636 472
535 461 1603
383 278 4009
825 180 2119
622 529 4166
1046 890 4639
81 563 95
807 22 1915
349 979 2363
916 1083 2871
44 715 3777
1092 709 2100
190 416 3803
431 933 3719
968 1090 1087
544 775 3988
24 579 3053
1045 962 2183
163 294 1748
246 45 4431
259 762 763
580 636 2456
637 114 2758
224 337 2911
50 1094 4249
467 839 179
863 109 3285
723 207 3332
931 217 3023
724 496 174
708 237 1645
649 996 3799
229 427 3254
647 263 3057
630 597 3485
56 576 4800
992 77 646
1001 257 2458
277 590 4810
51 472 2395
839 362 3985
743 18 2047
869 325 4515
766 224 4431
132 957 4409
210 411 935
182 418 1183
254 1079 171
783 2 1177
492 725 4901
197 1026 1411
82 548 7
318 984 820
530 999 1898
969 406 1547
68 987 1444
190 600 2542
634 2 1751
713 747 490
501 1006 239
314 108 2040
27 205 2140
859 390 925
1088 532 1459
981 755 4037
146 188 2396
727 438 3113
1068 392 3066
733 72 4322
539 68 412
507 578 4177
283 278 3484
726 176 1977
1104 297 2863
29 454 1039
282 622 4113
147 249 2249
344 1090 1995
889 9 4813
851 542 1704
699 855 1136
610 448 3967
952 883 4083
172 959 4460
793 514 92
732 1075 2660
515 941 1302
924 786 123
147 375 1155
330 379 1223
650 666 3862
743 639 4132
328 933 1064
1096 368 3293
880 521 1414
1055 151 799
406 231 3848
855 496 3781
554 92 671
311 1058 3900
396 472 401
779 391 4503
414 218 4430
915 790 3652
1035 500 1502
296 447 2956
78 251 3339
147 171 2099
8 285 4600
347 1024 2928
811 415 554
591 298 300
386 256 2781
804 967 2867
999 416 4230
286 304 1272
64 157 2749
115 1102 2660
208 511 2183
185 279 294
362 761 741
562 687 379
133 750 3776
1013 1051 4213
226 614 1711
307 97 960
45 1051 2601
402 963 1164
903 84 2540
688 472 99
414 602 765
100 481 1431
684 539 4666
812 432 388
1102 595 4024
897 556 2608
709 494 2960
726 822 4657
788 535 2164
306 735 302
140 503 266
257 311 4368
617 67 3367
165 975 459
733 219 673
285 306 3505
702 331 2775
770 1043 3391
971 905 1893
1063 809 191
856 697 3520
426 461 2214
71 102 2773
423 329 3730
105 356 2778
937 81 3635
552 943 3281
334 637 4157
237 644 1006
836 652 2824
712 713 2313
494 544 4262
950 153 825
379 90 4348
1023 906 452
55 607 684
412 573 1940
650 218 289
624 572 3469
417 870 3392
397 161 4898
866 769 1421
737 472 3824
242 438 2481
1029 519 3401
972 1057 2022
846 936 1701
1016 100 2482
1005 52 2640
1004 1093 147
396 327 370
280 308 4721
200 1036 930
846 516 2021
52 1041 4988
753 901 2312
594 161 454
489 639 3250
469 199 2587
839 1002 2339
884 645 1406
889 240 4074
152 656 1027
629 1086 3255
813 938 1766
738 560 4641
912 246 3833
247 156 2880
761 983 2165
841 852 2769
1049 1050 2890
747 162 96
1071 849 4113
635 655 4468
131 508 2094
449 350 2423
261 404 3602
1070 103 3786
147 623 3504
908 961 919
204 5 405
595 984 55
119 551 2758
497 887 1931
546 1057 958
999 417 2536
412 885 4170
672 74 2780
617 442 2104
115 770 3503
225 345 4355
627 64 433
476 152 1591
914 1098 3932
678 754 1479
100 660 378
568 616 1513
158 365 781
9 775 4682
514 1020 1930
1006 904 1098
68 469 4589
598 351 1596
797 852 507
118 680 1056
625 1091 3140
983 379 4530
386 558 1412
20 343 4560
509 311 2565
314 213 4044
1016 31 3798
53 46 465
706 623 3528
912 675 1602
935 379 307
600 356 428
960 861 1584
1031 743 3780
229 703 1390
331 367 4423
89 596 2746
423 703 1380
805 917 1664
277 28 216
926 106 4037
438 550 3481
333 532 2591
808 826 1511
87 279 2079
345 455 4321
482 351 1912
220 949 1759
685 106 248
497 196 2840
1002 305 4393
770 425 3696
734 419 1017
722 437 612
524 800 3112
439 13 3256
490 874 4682
840 152 49
150 686 3816
801 1006 3857
286 193 3182
412 694 486
1037 464 2955
492 136 4601
353 555 2578
103 424 3871
160 358 1501
457 1055 1714
673 295 2036
893 1033 3047
786 16 3381
27 131 1838
610 105 375
68 120 4022
898 702 4888
192 1009 1286
1060 1052 4946
558 788 2619
341 1103 763
725 281 4471
570 419 1092
332 962 3549
64 104 1967
975 517 2478
892 974 4709
495 202 2884
273 634 2689
582 44 4083
438 402 898
385 430 4212
721 648 806
1029 459 4552
785 1001 741
523 921 1089
533 462 1992
820 449 1985
873 644 510
698 1 1951
596 419 4941
531 675 2015
752 969 1289
776 1 4603
81 728 1612
129 362 3392
385 118 3270
864 791 1199
368 218 3872
167 849 1510
90 809 1154
898 859 633
939 1060 4012
964 294 1825
18 578 4272
1087 874 46
23 94 2739
1012 70 3522
395 551 4438
767 607 338
204 1062 1468
761 708 3502
933 777 1895
508 1072 1700
291 119 1105
276 661 622
527 666 4809
307 234 3119
553 14 3859
84 1001 4713
404 867 3762
404 321 4309
45 1086 1732
1073 60 4079
343 967 2917
1102 709 701
797 1094 3470
315 523 3686
597 369 1139
954 669 990
787 237 2583
1109 969 2713
316 762 4996
5 431 142
902 444 2109
554 477 3306
1110 772 3643
856 807 4719
20 345 3124
373 679 3836
439 858 642
786 752 4843
697 279 2158
1049 117 3476
819 865 883
415 958 2940
448 795 2291
298 57 461
281 242 4384
1021 426 1532
795 88 565
147 408 4459
236 632 4120
969 713 2322
169 376 2192
638 750 2384
579 107 2780
879 992 479
915 37 4627
667 333 3228
804 62 1979
4 943 1236
675 118 4917
79 1039 3012
1096 1074 214
268 961 658
563 664 695
1045 1000 1793
506 252 4986
178 710 2981
829 336 4461
961 88 812
479 649 2686
766 763 4842
628 155 3834
1082 884 2841
491 882 895
1100 490 1989
252 42 3449
62 811 1376
191 580 3006
273 162 4084
29 675 3514
945 829 1346
1022 626 82
372 961 4158
1070 36 1757
880 3 1296
601 484 80
649 758 741
186 259 3950
989 659 4686
840 471 3553
361 22 617
1022 879 4246
208 897 1347
998 184 1265
466 823 3285
705 400 2383
462 473 1376
778 639 4570
985 328 1576
422 238 801
201 1077 4927
982 279 4009
932 1023 3960
430 125 2220
882 474 2115
405 2 652
447 540 1780
790 26 1504
992 426 1267
145 258 4528
445 550 4160
859 314 1828
739 249 874
883 224 3526
813 601 3669
864 548 4893
342 743 4243
411 1063 3008
715 1091 3814
765 616 4315
114 647 3871
549 939 2957
4 455 1563
509 867 4870
822 406 3388
513 774 3193
929 453 3578
973 668 3523
795 876 4887
1089 1044 4660
758 25 3593
78 824 1023
974 321 1740
441 107 4036
927 1066 498
190 896 140
940 983 2864
630 501 4332
261 779 4347
202 488 318
478 835 3320
367 509 4550
413 414 3399
255 653 4101
1009 909 1436
1043 790 3724
422 188 3630
326 770 11
58 288 4393
662 1101 4760
712 215 1775
568 500 2312
685 273 619
12 888 1341
69 7 4058
1110 326 3550
448 664 3722
723 725 3932
86 364 2723
292 230 2840
167 114 4306
392 686 2362
87 2 1970
694 959 4325
291 285 1551
207 926 1539
281 1011 4008
184 372 411
87 498 2570
397 412 4399
890 850 2658
885 889 1955
143 128 4374
129 386 4795
252 72 784
1012 813 3262
532 1043 3869
430 815 17
824 796 3263
928 1061 4196
1066 775 3678
652 1041 2032
95 919 570
982 1057 1811
483 954 4779
11 316 4025
805 613 1500
294 569 3286
566 1061 4337
989 23 2405
442 1099 1834
903 754 900
499 220 548
605 264 3400
497 1013 1268
253 190 1858
1101 543 639
344 479 381
256 479 624
1045 464 3912
872 766 3298
725 176 4034
364 91 2459
20 1024 1420
698 913 1665
707 1046 4771
1043 591 1790
350 1049 2776
386 266 3806
493 192 2897
960 973 2788
820 334 1266
282 963 3049
1061 236 1663
263 160 2699
790 877 4636
636 156 1770
777 637 2211
829 1028 2723
839 37 308
1074 461 4088
641 824 4432
305 385 61
50 770 3461
951 965 961
575 603 2424
984 988 740
1081 735 328
957 918 4988
438 278 22
1063 12 4729
26 1086 2744
287 944 4786
276 847 4123
103 1070 3732
544 1033 1842
407 207 2670
1024 259 4200
637 365 2466
580 422 1435
932 615 3997
868 1037 447
527 1096 2485
932 206 94
398 8 525
225 345 1136
115 651 4157
704 112 190
482 555 1412
775 853 175
911 105 567
1055 970 439
590 385 1926
685 367 3147
498 231 2119
966 877 4182
760 711 3874
719 620 1395
976 489 4128
667 606 13
227 568 2406
754 425 1773
833 834 1961
421 922 3256
847 253 443
220 326 3099
391 1017 2893
567 700 4809
882 311 590
843 913 4813
617 1034 3286
1013 653 1215
772 608 4777
62 640 4289
55 907 4996
644 864 4987
1050 1038 4958
364 765 1156
378 596 398
298 479 852
159 1009 2753
65 600 4332
125 211 2484
1012 253 526
1028 448 2017
889 5 2859
741 550 649
216 997 3030
369 221 129
1031 733 2484
1067 1059 3682
708 312 3807
1081 274 967
456 185 3595
354 611 2164
1003 630 687
1013 1052 153
605 143 156
705 425 4280
663 1014 2580
344 664 4165
456 431 1170
869 803 1524
311 820 468
867 368 1443
315 918 2581
623 692 1091
1037 672 3878
864 200 1475
252 729 1773
9 354 4466
415 255 4795
273 945 2717
424 1044 1038
481 1091 1339
1066 346 2861
24 282 1127
64 489 135
1090 120 2374
576 41 4583
459 798 2293
1063 557 778
350 818 2918
245 748 2502
313 57 1407
661 270 3234
274 1055 4948
209 128 2019
952 315 1831
390 596 1922
871 739 593
826 17 3741
189 222 398
264 684 490
756 7 2330
40 285 991
621 691 2687
478 58 1628
106 1012 1715
2 315 3638
324 984 1011
450 352 3483
97 575 3406
784 17 3687
584 359 1773
723 19 4698
862 80 3729
511 594 1144
685 94 3195
847 712 2554
339 474 4005
1098 483 1046
360 958 290
949 599 4804
368 442 1470
556 744 1699
557 648 2509
195 244 1877
857 418 2207
344 751 2364
958 551 2779
752 191 1907
193 273 4308
616 464 2152
293 150 2999
1038 1015 142
657 686 1260
928 275 1562
1042 68 2325
242 407 1391
1020 741 3536
892 461 4976
220 214 1023
507 324 195
849 450 3737
469 265 902
372 462 325
606 209 1001
942 1075 883
45 679 3797
79 478 712
458 886 4626
879 934 932
946 517 955
982 953 4478
684 73 4804
872 400 1289
1104 48 382
1080 464 985
360 752 4447
1109 219 1180
291 868 4929
1090 681 3777
583 492 1735
192 840 2487
175 304 2944
169 798 975
1021 559 3359
411 274 3308
1110 1107 2802
931 85 2388
128 20 995
948 291 86
579 80 1700
1025 201 3394
839 518 1802
641 339 1972
380 98 3224
1104 16 4559
906 985 332
173 773 3499
521 528 1470
497 332 1248
352 915 830
391 917 3846
788 452 3437
991 26 3643
797 899 2409
873 634 2391
1058 806 3239
133 721 507
459 948 2726
1090 62 2719
1063 879 151
577 397 1249
1003 194 2038
323 606 396
5 915 3603
70 819 3480
153 362 4636
1088 610 4506
344 8 2019
749 998 1432
211 550 4306
1072 689 4824
807 356 2266
511 28 3280
605 245 1195
333 1033 2539
1047 470 4290
791 639 460
893 798 932
778 372 4597
427 813 1206
348 1086 911
735 801 2448
891 45 1430
205 965 1842
584 1007 1509
1026 274 2497
482 451 4941
175 213 1061
88 747 3878
1057 141 1041
984 199 4764
243 580 1731
733 312 2251
623 737 1316
1066 872 1859
92 534 4916
664 785 2765
178 37 2573
231 800 2489
300 366 2765
877 95 1489
639 78 979
685 51 4580
654 119 4321
1089 838 4017
603 496 563
6 575 506
986 378 2793
322 490 4220
1092 455 2427
929 797 2883
119 497 796
1099 905 3678
914 255 2408
219 989 1587
430 1108 3467
262 606 259
1029 466 3416
1108 693 4844
1070 979 1489
87 161 14
873 748 1738
47 48 4833
1110 295 1956
152 365 3252
244 103 2122
168 976 3203
209 412 1131
254 470 350
456 942 2502
939 995 4085
555 718 4617
947 872 210
668 0 2220
827 447 239
949 1075 2474
262 7 295
109 1076 4421
249 59 437
1096 534 942
129 587 291
430 1069 4377
329 503 1873
658 525 3117
837 861 485
834 170 1942
47 302 2728
1078 839 3451
998 316 2984
962 564 4861
476 75 214
237 1033 3568
214 618 726
442 414 3156
283 329 3520
855 230 4886
1000 754 278
809 290 3307
504 782 2417
541 322 4033
1042 1079 1908
204 976 1762
604 817 635
1090 1061 4467
535 1095 1872
921 88 408
1068 701 424
262 940 4749
754 584 3463
489 841 4258
346 147 4152
773 421 796
645 713 2381
751 498 4661
520 644 4948
685 312 684
1091 222 2318
230 749 3984
615 580 1401
219 1054 953
895 31 4696
794 344 1670
794 91 2956
1072 870 3630
922 895 507
974 911 2587
954 670 2731
826 14 608
1077 0 1436
961 494 1850
790 1024 1930
704 912 4286
538 0 4742
358 564 3814
216 1046 307
1051 403 3517
35 918 3843
667 843 4860
964 577 869
473 108 1516
1027 127 3426
1031 1091 2160
595 351 181
994 755 135
970 85 4842
1098 780 2526
266 378 1192
248 957 446
504 340 488
146 229 490
321 792 2855
403 629 4735
334 124 1633
244 517 4718
103 15 2366
488 187 870
197 470 2097
828 1067 1326
922 510 640
694 619 1563
319 517 509
9 565 182
333 578 2400
541 944 360
845 597 2793
376 1052 4658
984 242 2950
715 1038 1751
308 988 1821
957 814 4934
26 439 69
559 466 2126
229 41 2531
526 969 466
821 664 4576
849 918 4188
515 457 369
957 118 3617
795 378 3330
247 32 2350
254 16 4628
690 718 685
302 342 4655
23 576 3110
990 401 942
1048 584 821
484 154 4510
565 502 3482
495 487 37
607 911 2677
38 846 1113
994 167 3968
547 964 4804
527 691 3514
823 1012 1977
825 309 2641
607 281 3131
784 745 3029
314 60 1681
814 87 2681
489 438 1028
452 601 2087
112 455 195
101 145 3837
435 1019 1787
663 7 3177
1010 696 2855
424 307 964
642 683 1656
629 370 3960
96 234 4811
751 939 1368
358 940 1771
805 800 2809
782 687 4978
458 543 2658
1104 234 3444
159 318 1806
29 1081 1025
61 620 319
1011 982 832
588 69 4884
183 63 273
267 396 4945
388 682 4179
936 1059 575
316 828 87
306 546 3446
561 289 3042
1040 126 4561
1109 134 4539
68 833 533
838 31 2922
629 990 3370
935 913 3499
806 1081 4081
656 559 4883
652 722 2987
997 468 1394
760 704 4425
587 784 2979
1023 876 1586
203 952 1387
930 873 3536
1090 1008 3662
236 56 3061
212 756 1696
503 1102 4168
873 248 3056
833 601 4428
1034 100 2093
564 501 1863
788 838 3970
401 360 2352
650 627 1466
421 197 2011
335 72 3105
1059 445 4645
111 719 3130
1074 55 4685
647 1044 2387
1077 809 4841
967 671 1860
931 727 3350
234 1099 3633
465 803 21
508 818 870
465 77 1893
96 814 3989
945 32 3517
492 156 3429
295 1003 2567
430 1074 2586
37 1011 3601
706 658 386
458 94 715
535 248 321
516 224 450
557 434 375
683 1010 4292
419 340 3156
137 773 1168
686 384 1925
93 281 3399
125 651 3180
107 746 4437
481 920 3115
157 36 2453
459 212 4358
253 1010 1175
114 520 3780
871 597 3723
376 226 3624
190 719 4650
1074 230 547
929 136 2610
631 86 4958
169 167 4297
654 416 2630
600 522 3445
462 89 1137
996 999 1179
914 197 1226
518 1041 1033
747 360 1331
158 353 127
119 384 916
536 954 3802
825 556 640
242 860 1849
65 302 1280
683 937 4678
249 868 3391
600 603 2828
1040 1097 1518
937 69 165
89 125 3720
69 380 930
649 541 3804
1100 698 1469
680 506 4644
128 560 4180
1046 361 3503
978 969 951
243 233 989
185 67 3644
746 57 898
603 877 3950
526 674 2429
96 700 2174
1075 480 2226
75 567 1883
874 902 4255
601 203 3371
1002 607 2400
313 849 1020
338 913 2801
165 638 4405
519 448 1917
191 606 4739
128 955 3154
2 839 1774
897 526 1070
883 738 2126
285 711 2305
743 842 4275
322 711 802
396 208 4597
931 838 2350
63 95 1083
592 757 161
947 816 4650
119 108 1981
289 627 4432
1071 200 2913
929 269 2448
556 1011 2568
347 919 2992
41 350 467
380 62 4921
460 438 682
848 612 765
651 584 258
515 1107 264
709 487 3701
376 1024 3304
678 705 3276
180 843 2069
635 466 2322
786 18 4322
736 566 4434
664 715 2184
307 1104 2324
743 1107 3558
575 1040 4055
355 580 1550
135 36 2288
53 662 3149
1022 537 1031
926 137 961
577 663 4914
601 802 3376
729 259 4332
237 196 1307
373 299 2654
777 486 4992
194 580 622
636 536 3274
845 201 4038
1089 614 1636
609 209 719
689 1000 968
851 516 1629
2 435 1384
829 891 4401
858 686 2129
684 792 4516
328 680 2194
619 119 4595
710 158 2157
1013 1017 4088
212 377 672
886 266 2015
995 273 2295
824 253 975
93 721 590
206 22 2356
495 224 229
1040 520 3928
179 564 3896
179 473 4532
45 1084 4542
989 196 137
789 1092 3615
129 679 3034
555 794 4667
776 456 1807
198 415 491
675 410 68
839 727 2688
300 769 1122
436 246 4928
680 145 451
439 917 3118
365 982 3734
754 105 4611
792 527 2754
799 455 331
408 835 3225
1102 883 1392
844 203 1718
582 439 2896
486 421 1562
53 467 1026
599 962 2506
1083 210 4933
127 673 684
974 897 1166
981 102 421
872 1024 608
597 944 1943
741 39 3907
1100 1065 2386
192 268 1554
489 187 1610
145 411 1415
746 1010 1651
64 832 2679
748 945 2986
527 24 3485
416 985 3339
848 194 1823
396 626 4302
447 1001 315
882 618 2551
258 806 1524
1040 757 2544
538 154 1487
54 301 2302
95 95 2572
706 778 346
524 837 3831
