12345 3000
3403 9528 94
8287 9059 30
12237 10296 90
8988 4835 50
7780 5561 77
1347 654 27
8696 8009 57
6240 6229 30
4555 120 2
11784 2170 94
23 855 39
6557 179 35
3050 5950 75
4731 11149 37
9160 10210 15
9946 10312 3
11239 6157 34
4268 7922 9
10654 7452 62
8254 6561 6
11111 1826 35
2112 2389 68
8871 3114 32
135 8703 10
11760 7774 67
288 12132 16
652 10225 6
5985 9918 8
9682 9011 7
2333 8964 28
485 4421 71
4585 5770 32
897 11394 10
11503 4424 33
7272 11072 63
12134 2755 97
6537 4601 28
4288 285 10
12044 12050 16
3785 316 13
5299 1921 44
2092 11597 69
7680 9007 48
6119 11688 50
10840 1525 77
3442 5902 97
2171 7068 2
11822 9728 6
196 10379 77
4897 9786 73
8140 2562 1
10129 9474 67
10059 7407 59
11468 10282 20
10793 1443 42
1496 913 93
10307 9824 27
9828 3655 44
3061 6791 4
10410 9896 48
672 9789 33
316 2642 16
5189 7406 66
9185 4803 8
146 10788 67
7912 10708 31
2702 3218 63
2679 502 43
9985 9049 30
2561 8497 63
10420 9427 51
7266 5087 20
1914 6314 89
11502 5670 4
6035 10392 94
3814 6266 21
10560 917 52
9507 7511 47
3991 1941 85
10590 4521 53
11128 4209 88
4431 1350 53
3643 1029 98
3123 3584 4
1373 4601 18
12060 853 26
10208 3542 65
10082 2642 30
8337 492 96
882 1014 14
5281 8423 78
5255 9185 8
7353 9132 12
8976 6064 23
5842 1672 86
10184 11195 58
6056 9318 100
8938 8705 76
2297 3467 81
12194 2800 41
4474 1155 12
6190 8177 72
10706 3040 49
9718 4321 83
8517 2903 57
11323 8056 55
9434 166 93
6369 4342 18
1661 7791 33
1735 9353 44
6513 4685 88
1117 9295 45
9610 11707 86
7990 2539 72
788 6290 5
7928 8353 98
1646 5841 66
4746 7808 72
5833 7638 37
4238 805 54
4914 8183 33
5865 11126 99
8148 870 77
6388 2197 84
12110 1476 94
11134 9141 88
2210 10916 100
1664 8998 100
1431 8765 94
6739 3470 64
10497 9924 5
11269 5495 24
8401 12084 28
9223 1612 86
2252 2817 78
8577 6603 39
9680 10615 13
12057 7882 24
1183 6150 19
5947 6116 33
8463 8685 14
2739 8538 9
2080 4144 72
1563 8761 43
2823 11427 39
7059 4440 49
11836 1040 71
3669 5414 97
9183 2733 64
12122 7303 60
4333 6375 6
7998 8099 58
4309 7798 81
11232 2900 22
6202 12064 87
8989 11177 61
5412 7111 19
9542 4968 86
9347 5229 47
3429 8246 72
10485 11095 60
1838 4570 83
2807 3380 57
4242 11491 34
12296 63 50
3670 8071 83
12159 8922 94
1640 11207 43
11238 8368 63
8945 11616 48
6485 11214 33
9828 12076 52
2269 6754 43
6843 10731 49
10233 9632 59
320 7088 33
4076 300 42
8200 9031 8
4158 5028 81
3367 37 4
4109 1600 61
2335 6832 38
7601 173 72
6621 11010 8
6105 3797 76
3454 11375 85
1218 9395 97
7161 3979 59
1209 8245 80
1747 5510 78
8008 1500 36
10443 9174 71
11851 7928 75
1750 5586 23
1669 11837 32
2177 6077 79
10187 10685 64
1647 11419 80
4042 1029 100
7135 10427 64
3451 7959 81
11522 7093 17
11196 861 94
10942 9529 94
11656 10372 24
5411 1919 39
10316 9244 75
10411 5127 95
1669 106 85
939 12194 24
1206 4520 91
9177 8075 43
8801 7839 69
6618 6776 46
8047 5258 5
225 10438 56
902 6248 91
9362 8216 80
1800 11924 37
1882 2372 75
6058 1611 51
6298 8434 48
12007 11479 21
3542 7760 85
5396 3539 68
6592 5064 17
4779 12114 24
1977 2492 97
8125 10930 76
1385 11754 100
8829 11227 60
8082 774 99
1324 4461 80
1273 9323 14
9519 1495 76
6412 7646 15
4622 9745 96
8894 11736 28
3391 1825 84
5403 2288 60
9102 5465 21
7526 6004 45
948 8035 70
7981 672 42
4241 8764 90
5739 12078 76
6249 5035 97
7420 11697 72
1266 2574 7
9363 11842 16
10475 8460 3
10026 9702 62
2566 6006 73
6863 7429 91
8355 1406 93
11258 11231 19
8826 10077 82
10185 2087 81
7007 8104 88
11801 1726 74
9104 11822 61
7578 8409 58
11607 11338 70
2544 10862 51
10590 4971 90
2449 3900 73
4441 2206 21
2942 2439 33
2101 640 13
9782 4696 37
12088 4267 25
990 3556 83
9095 1230 53
425 11786 85
787 6109 97
5517 8909 47
11382 2171 21
10110 6867 58
1363 6251 52
9162 4923 13
10543 4617 100
11582 6789 68
759 10570 60
3274 9287 53
2338 3450 69
156 4859 15
8080 5027 61
3278 5438 73
927 10645 44
9159 7594 80
2739 6418 57
5037 7948 97
8989 9474 7
3028 6394 67
11140 6874 58
7915 4782 78
110 6086 61
12195 671 8
1894 2820 74
2846 11298 15
7747 7085 67
11905 865 28
12050 630 25
4533 2608 26
6227 2142 79
8348 5321 65
3340 4037 13
1246 8793 58
6823 10048 50
303 3430 43
10310 532 61
1951 8053 1
4437 10740 74
9737 4597 58
12093 10789 62
9668 755 57
3054 3155 75
8457 8165 14
915 4549 19
8801 9148 91
8581 5101 81
2287 1358 73
8103 3072 82
12047 11698 32
5907 4146 76
9392 4369 1
1961 29 7
4998 6218 84
9167 5672 75
11453 95 67
4049 6618 49
9710 8415 98
10957 7842 100
6534 6718 20
11112 766 60
2906 9456 30
6557 7764 83
2397 4167 38
5470 7520 43
5257 5786 69
3031 11339 99
1458 2716 48
10309 989 7
11430 4418 30
6352 7087 60
8045 2125 35
7565 1626 5
6076 9502 40
3859 4343 66
10928 1784 56
3877 1949 27
5259 5530 48
7028 6187 89
9079 6689 12
11936 1454 20
2328 12208 76
10037 1273 98
365 3599 62
2890 9484 32
5123 4969 76
3722 4176 13
58 444 30
237 0 39
12251 3541 20
10927 4500 47
7410 777 62
8124 10228 13
4155 11730 32
7345 8234 25
8235 10422 92
9665 9237 99
11167 4884 31
8294 5231 14
9937 5771 87
256 3584 8
4963 3596 12
2186 4056 61
3455 3546 22
6752 3539 64
8980 11405 38
4759 1779 63
7690 7639 53
8564 6785 22
9412 32 11
12103 4630 90
7317 7544 34
273 367 37
9516 9864 87
8923 9061 54
5413 8338 47
3782 4717 16
8615 4967 30
10407 2835 68
6423 5644 82
9554 1237 57
3704 4121 100
5675 4748 56
4434 8634 19
11987 12024 17
6026 11860 40
6359 9418 22
11411 8436 52
1229 11583 88
8896 1847 65
8104 8437 64
5177 5369 72
9987 3182 89
10689 5834 22
9595 10650 74
2447 9823 43
227 1012 12
1552 12211 11
6488 8309 82
908 2312 91
6248 12079 63
1635 10977 3
1465 65 74
84 8932 32
3578 7710 37
6421 7799 19
340 5255 41
4610 7976 27
12294 12069 2
1470 9286 55
6221 9566 73
7099 10799 2
2729 2524 79
8562 8806 19
9345 6163 82
5424 7335 53
8364 10796 86
1227 10474 2
10962 1916 47
4872 7687 80
6860 10364 42
8076 2641 60
8610 11175 63
9262 7963 39
4521 11772 86
11525 4791 3
1474 4563 92
5758 2652 91
10956 7346 22
7881 7157 80
7960 3881 86
9154 1613 22
1322 4909 17
10646 8194 74
3411 7950 76
11303 11134 97
6776 7893 49
5714 256 49
8413 4363 21
4822 10738 44
1737 7186 11
6535 8358 68
9268 9035 22
9633 7195 62
3611 3943 96
7700 3090 80
1490 2814 92
7652 1781 81
3374 10872 11
2562 810 3
2828 7528 33
5990 4177 94
1240 6049 51
3685 7162 50
10352 9698 22
7805 12310 75
8243 5000 92
7198 11998 53
2229 853 49
8088 5515 100
11150 180 79
8160 498 9
7807 7452 76
4329 5223 1
12020 10023 81
6928 5989 45
96 2115 42
107 1553 56
8208 3720 29
2122 2563 40
7372 50 96
6797 2906 89
543 1524 53
11187 10437 47
12179 4347 68
126 7892 27
6950 2325 67
10050 11850 59
11775 5881 73
2859 1739 47
4428 10463 68
9284 2070 21
10912 3402 43
7266 10929 99
9318 12244 42
8341 681 99
7940 9274 47
3292 7714 89
6556 1751 66
1766 11680 33
11200 12111 53
12074 602 25
3876 2039 27
7409 7679 11
1449 2537 31
4935 7367 86
3165 1768 36
1274 6702 19
8607 3217 8
7942 419 89
8626 10692 60
5381 7774 20
9783 11566 32
5462 1340 44
11153 7353 19
7001 3066 25
4462 3324 99
9205 4438 91
4708 44 13
2178 1137 96
11074 1142 31
4205 5595 34
5778 2114 72
203 9132 74
6200 11225 31
6405 843 16
2644 12042 38
5240 2499 79
2945 10614 17
2471 10020 45
5132 8057 5
5385 1861 53
5418 7552 13
8737 9463 100
5226 2968 61
2875 294 81
1090 2680 91
10202 9796 87
2162 6339 73
10487 12028 94
3346 5013 7
4282 12337 82
11376 6822 9
4813 6459 6
6790 4793 33
61 3793 93
7748 2793 81
1385 12273 41
981 3569 37
6308 7997 10
4092 832 94
2646 835 63
12114 11347 3
10770 4572 48
8884 9320 78
10824 7726 7
4125 4833 67
2697 1364 46
10157 3028 7
2692 11536 38
4032 9671 46
11616 6668 88
7438 10681 15
10145 5272 51
11275 4622 63
4612 3861 86
9913 9163 36
12123 9861 96
10692 3035 71
1689 6550 45
7571 8598 49
2442 3661 40
5474 1746 66
6688 5296 27
4500 8464 47
2406 5326 8
4046 512 95
254 7662 79
5083 7434 54
11886 7819 86
2007 11195 16
11472 2649 76
6227 4859 12
6984 1365 82
7754 2787 35
5822 8829 19
9297 3280 38
609 5392 44
8051 6207 88
889 9844 62
10165 7201 31
6946 5142 43
8825 10356 93
12221 2703 32
3982 8030 23
7813 3764 86
4077 9687 4
11089 6501 84
7012 102 43
818 10739 89
3365 7631 18
1959 10577 5
11130 2684 22
10498 4127 70
11259 2250 74
2346 2199 77
11593 4924 53
7175 9875 5
7542 7790 33
2751 10320 81
9658 57 61
784 3290 85
4267 6341 22
7615 1792 30
10555 4478 92
5372 1265 25
7777 5697 74
7323 4253 23
5496 8405 45
11015 6759 99
11385 11350 28
1055 9601 22
4803 4011 76
1390 6663 49
10565 6338 87
1641 9102 60
2870 1873 69
11072 2612 65
4972 10233 1
3901 10037 95
4663 4836 24
2252 2838 33
3872 7937 66
3192 11597 46
1327 5308 47
2838 8560 40
11744 3356 23
2237 9018 84
3833 8538 51
2685 7297 33
306 2916 26
1061 4885 19
6210 11201 31
2971 11874 76
5025 11195 46
3966 12255 2
3130 3570 23
9875 9728 91
1358 1284 2
2195 3796 61
3299 5211 79
1920 1326 36
1002 1374 27
103 9382 49
8584 2469 78
8752 4378 10
10933 12180 88
4341 7368 82
8189 2065 95
3805 101 65
11574 10740 78
7750 3764 7
9470 10500 80
11548 3859 51
10170 8600 11
361 194 86
3255 12037 95
5866 4992 26
3613 5355 45
11284 4420 18
6897 9866 82
4963 8840 77
8351 8511 81
7125 5868 32
5613 8239 65
6400 480 83
4342 5419 48
9365 4553 42
8036 5072 54
10761 4774 77
6685 8797 82
7323 10827 3
7812 12312 88
8889 3368 2
1279 1217 62
5160 7816 52
6973 2231 65
5809 9514 11
610 10501 98
4994 967 62
10912 5622 12
4489 11172 76
8802 8820 26
10639 5002 1
10782 8328 37
9655 7010 28
5568 11405 61
8262 8233 7
575 9807 82
4185 4309 92
8941 3237 7
6216 2973 27
4249 853 14
8861 12124 94
3277 2433 14
9566 935 84
11960 12032 82
5214 11822 22
3461 4339 37
10638 2599 13
12008 7451 89
11373 474 28
1604 7268 17
11703 10720 98
2147 8492 90
10756 1220 89
11510 12110 52
1346 2324 91
1781 9179 79
2897 11770 83
5199 12232 65
10872 9576 58
9134 9203 69
11466 8148 15
447 10003 39
11906 9138 49
1451 2083 37
8076 2881 67
8617 4978 79
11864 9905 48
11862 6311 79
1726 7393 29
2458 7807 39
8880 9979 80
5167 11275 23
7754 81 73
1178 6028 35
9563 161 83
6438 5015 87
3145 5865 76
7380 1874 49
791 1448 79
1371 2248 20
6546 4564 21
2894 8113 31
3343 8375 68
5320 7944 45
6390 3551 42
3540 2617 5
2810 1979 36
2382 9194 51
11032 2613 78
10666 7455 48
5384 2702 22
8205 834 52
11807 10905 11
1491 10457 7
9867 4067 46
4141 5192 60
11212 9247 40
11057 5268 61
2420 6286 42
6291 3840 53
754 4250 69
6592 10169 85
9509 230 15
3514 1517 39
1252 10238 92
8716 6330 39
4299 10570 38
3851 2392 18
11550 6790 97
1503 2319 83
12017 3168 81
5870 10547 88
5301 9715 21
5476 3217 25
3452 10697 61
419 3132 67
6183 3563 72
7381 10311 44
3605 1959 27
5231 6815 38
9723 3847 22
6061 10180 74
10134 2567 70
8015 6540 20
7103 10540 59
1299 6558 45
2306 7802 62
5480 5246 70
11797 1134 71
826 6327 20
8734 9361 92
9356 12049 40
2095 2906 70
11890 9671 86
8114 3050 34
10152 3582 17
6805 10715 15
8615 287 96
3712 3982 50
5143 12046 86
10823 8552 32
12244 2567 66
4006 1137 59
7503 629 89
5995 785 97
2806 7672 46
10357 6411 92
12087 12051 94
692 10788 27
230 8102 80
8220 6872 92
6701 9879 55
8229 4541 5
5574 10130 24
9310 12274 77
3892 6962 31
6443 8348 24
5685 7510 10
1493 2042 18
7471 1089 93
3655 6414 54
192 9642 38
3206 1401 84
2629 7050 13
4234 12324 17
2726 2287 42
5859 3035 54
8623 2311 42
3238 3687 20
6951 2015 83
11553 2270 33
9349 2437 100
4095 10695 26
4340 2501 30
349 5405 96
8061 11057 14
6222 11825 21
9934 3230 69
11133 11100 49
6960 7066 55
9019 1292 65
10432 2693 42
10202 2982 86
7294 10757 90
8860 11652 73
10990 9627 19
3366 3585 84
5132 11395 29
7681 2404 8
804 4801 90
7547 2676 80
4529 10558 98
12177 544 86
6515 8771 17
3923 453 4
11149 9112 48
731 12059 9
7139 11851 55
9322 9020 20
4293 9626 24
1091 4779 33
2532 4335 2
2351 3308 15
9003 2588 30
910 1407 40
7322 1799 73
3238 4328 56
7109 7228 41
9916 10836 71
6493 4079 64
9905 11526 26
12161 726 70
2973 7654 93
4465 7587 52
7446 8138 40
2780 8346 2
995 11010 2
2257 2069 100
6929 2270 4
10794 8775 77
4957 4717 81
2232 6820 76
11449 6255 60
4531 11372 82
11958 8745 84
2071 3006 99
6587 4108 53
5989 1847 47
2670 2099 25
6497 3922 62
9572 1081 25
3598 6543 35
8633 8210 71
1492 2611 30
11146 3949 63
4525 8953 15
8990 11087 42
4703 11722 83
2925 4626 65
649 9515 84
4648 10368 79
5054 6633 68
2817 243 30
4892 4953 11
12289 11316 80
11304 8675 41
7609 1805 13
8489 9905 53
10828 3830 10
8926 11907 39
1903 6528 75
2680 12127 28
9690 2154 40
3210 1860 37
11105 6935 80
2690 10272 4
9646 7303 62
8422 11812 58
5156 1188 33
3181 2360 19
1815 3688 7
6418 3460 24
8988 4529 78
9026 11028 78
37 9302 62
2754 5745 16
2358 6355 85
10389 2618 51
2179 2798 77
6283 5334 50
7229 3800 20
1921 4008 13
1723 9578 77
11800 8742 63
9767 6440 20
10574 6172 91
1793 2081 15
11627 1466 43
6102 2542 14
10065 460 36
4002 4560 13
3941 6721 97
12226 602 41
1065 5197 93
10079 1159 44
11015 2635 44
11551 4495 12
3199 9364 36
2004 7184 4
2517 1654 14
1505 5092 94
8643 5448 61
2920 6218 89
6762 6256 55
4415 4735 56
7346 9632 44
4873 9428 54
5226 1467 4
1139 750 34
2381 7320 89
1098 2892 5
2442 4506 20
8034 10715 86
1639 11085 78
551 8931 87
9769 989 5
3633 8318 92
5788 6907 41
12143 12305 19
6766 6746 66
12180 12043 73
6595 8712 5
10193 11998 94
4640 3832 9
5539 8324 69
2192 6629 93
6222 5653 63
8517 7035 26
1043 7968 42
3581 10365 46
11022 3354 43
8159 8899 23
10094 1456 4
9248 261 8
899 5958 3
8124 7455 22
3145 9528 36
6845 6991 1
9504 10011 79
9699 7521 61
4169 6872 62
558 9797 17
1285 6620 76
6102 3775 21
6987 11589 98
11434 10177 79
6067 10437 16
8772 7555 65
6765 4761 63
3645 1662 48
11909 6641 23
8461 10011 55
10724 6062 1
4239 1045 87
4606 6157 25
737 8033 14
738 12306 15
7403 9045 7
9580 1229 45
4014 735 37
5785 1684 83
3843 5589 27
8552 11511 46
1576 451 79
11607 12323 85
156 5870 53
11971 8421 41
7741 3500 84
6987 10670 74
4019 5471 89
944 3675 67
5961 3426 10
11515 1057 34
9909 3097 63
1646 8066 75
7361 8794 72
10317 7206 42
3647 2141 90
8791 8240 46
549 10158 69
7037 6600 15
8868 2700 88
1316 7758 77
7808 3433 78
4915 5424 90
7185 3593 88
3494 3473 56
11119 8215 39
8015 12173 48
8927 7543 28
6887 11712 4
2739 2254 99
4450 1574 62
9122 9934 16
5109 7500 21
7833 4623 18
4550 8817 9
1659 10980 46
1920 3562 76
6508 3845 63
7118 10165 73
9077 5529 23
2429 10811 75
6510 7501 61
6178 11263 56
4040 10184 56
8951 8760 18
4172 5421 69
8727 11628 82
1434 1509 48
9788 3838 53
3690 9375 16
9222 6912 10
1988 10537 72
7494 2269 30
6274 5584 38
9847 2019 9
825 8084 79
4655 9024 95
7141 2117 57
3539 2142 91
6041 7517 56
7157 4632 44
5187 209 51
4589 6834 27
1865 8225 100
4527 9784 7
3998 3019 100
5330 2627 80
7380 3672 70
9726 8291 92
5015 9811 4
3410 9990 99
9706 31 84
705 2287 64
11877 2394 27
10925 7780 33
11286 1379 55
10119 11231 94
8561 7512 38
12308 632 77
10898 6313 15
2474 6904 56
1872 10149 70
6928 10348 14
3843 6654 91
4126 11210 39
5722 8815 55
5165 1162 94
4701 5919 76
6564 8544 100
10976 3100 71
8302 2871 98
8372 9252 100
2717 8428 56
4839 11826 55
7561 10211 94
11961 8650 31
11410 6610 16
10627 1226 34
7767 12250 52
9428 3297 65
9927 12004 54
3375 7129 3
7328 11448 12
2273 5201 71
5858 11554 49
11171 11102 71
9679 9371 10
11851 10708 19
5972 10890 52
7550 5238 88
9311 10676 31
2398 9593 10
7358 11514 2
8327 11977 75
948 9041 79
1447 6172 13
11095 4844 16
7505 892 7
6683 8333 82
7246 10239 54
5668 11623 50
8749 9399 84
3346 11398 14
7945 11459 78
3173 6708 96
5430 7370 76
5698 7987 99
4658 9000 17
7976 8516 93
7299 7718 23
6731 579 62
10085 7113 83
1883 6024 2
10366 5074 43
286 3996 20
3474 5735 9
8580 11175 5
10007 7545 19
10936 5077 88
11436 9417 9
3289 227 18
3970 9660 42
4509 9935 12
9701 11057 51
11275 5675 47
7876 9265 34
5661 8481 47
4269 1482 89
7503 453 14
6185 2554 81
7766 5802 25
4321 3664 8
1375 19 59
3661 3370 18
5097 492 33
9464 1097 55
7210 3671 64
10125 6608 41
9647 11748 21
5622 6599 92
4479 4867 76
11436 2713 95
11477 11361 26
2696 1281 59
1944 1433 17
4343 2360 88
5521 1693 57
64 6251 71
7265 2603 15
501 9584 37
8522 142 25
11031 10742 74
9588 9912 97
790 8003 61
8980 10349 12
4926 1075 69
6337 5885 11
8590 9436 48
10390 5427 27
1592 8409 7
5544 5668 95
6878 9324 72
2148 6450 31
2238 9466 2
21 12213 4
10413 3113 27
6107 6060 89
3528 10356 92
8120 1784 9
957 7786 11
9972 10813 60
8280 4269 93
5029 8510 68
4431 11131 84
8421 1147 58
183 11901 8
12330 6463 50
8688 10961 55
10898 3555 83
2086 6657 25
6273 12302 82
2662 5996 88
6890 3382 13
6470 9768 23
7440 100 42
7041 5302 56
9368 12315 1
5046 1244 5
1774 964 79
7078 7643 39
10396 6167 72
2220 8956 75
8950 2391 18
128 12330 57
11686 2417 79
12281 9405 67
9664 1535 25
10224 254 2
5311 10981 30
1702 119 17
9626 1843 87
132 10176 49
11237 6973 48
3386 2560 41
4149 1566 41
8750 6038 70
8219 279 86
3914 4100 86
4539 10829 61
8091 1820 58
10423 5101 42
1586 12204 96
359 6276 48
9210 1960 88
11825 3560 21
6882 5178 71
10424 9093 48
9099 3649 62
9588 792 96
4422 11909 62
10337 8497 7
6430 4904 86
8636 6141 16
9248 7720 47
3875 1796 100
6169 3845 76
2745 8823 37
5714 10013 47
637 7871 15
6668 8056 41
1166 594 73
9768 11040 31
8043 11716 76
4497 9045 83
136 2054 65
11454 3132 51
9800 6029 83
6758 4583 91
9925 2294 40
3336 7243 54
7898 1900 85
7339 10407 5
5327 4115 73
3458 3036 5
645 5015 3
10680 11091 32
9208 635 52
7208 8328 52
3663 4680 44
11254 11572 99
2143 7612 69
3064 10304 13
7784 9573 84
11501 9418 25
3690 5399 65
2127 10212 83
7152 10515 94
2053 10722 1
5918 1530 92
5117 4596 34
5989 9321 16
3126 5023 95
11026 1191 16
2822 11174 82
1839 6753 86
7400 6076 70
9180 3581 77
8501 2557 97
10988 1755 95
9635 8539 62
462 9590 59
26 4032 74
11567 1831 25
7829 12223 12
262 11816 19
9543 6745 97
10922 5427 36
11099 11053 92
6111 11799 85
3643 9189 88
9179 11618 40
7386 326 44
145 1545 69
7524 10210 69
2664 2123 50
5740 1909 11
1416 1427 100
1798 9269 100
11613 10729 21
8624 4949 61
4789 10687 23
4154 1792 12
11237 7251 19
1221 7191 45
888 2428 96
3601 7270 47
1180 6655 71
1241 6647 53
5211 3741 51
5981 258 75
2489 5034 63
6495 1575 40
11929 8014 44
6024 7627 87
11079 7416 41
2182 9256 86
4645 6994 75
4359 12111 85
261 7305 44
9168 11335 55
7159 11705 32
11963 5436 50
4713 3400 65
11813 6731 93
10039 4571 33
941 10582 6
12081 3832 32
11889 11575 40
9424 9153 92
3589 6976 60
1678 7853 64
6843 9016 20
5525 3388 65
11256 2349 99
8759 5833 18
10656 9897 96
8217 10572 74
3012 6147 8
10080 901 4
3818 11900 45
3519 4256 99
10654 8689 81
5689 4978 52
3125 3963 100
3410 9844 75
10468 4909 83
3112 7958 96
2248 2787 72
3149 987 57
4760 5564 51
1404 7402 36
3996 1353 62
3940 11413 53
7346 7876 31
20 7095 18
3922 9029 31
9650 12217 16
6493 6937 27
4070 361 20
8332 9929 71
11266 9354 64
4371 8993 75
5308 11932 43
3323 10289 20
4360 9428 24
5852 11821 90
7439 5268 21
10692 9416 59
1091 2352 5
5251 5754 28
1741 3039 6
10469 7277 3
3430 8760 32
794 13 52
9365 1426 95
12018 4877 28
6972 1631 59
537 5370 51
7400 8950 35
7083 10187 44
6508 5878 36
10388 9254 4
7065 12212 72
10930 1465 10
2142 8318 74
6070 8704 49
9381 4145 66
6022 6054 28
6330 1708 29
2590 1469 89
6535 2856 55
1107 11732 30
4746 3129 88
11579 2829 31
9000 1314 84
5926 10587 83
435 8974 65
7883 9606 91
12231 1755 76
7038 2773 68
5472 9393 9
1271 9065 90
3730 3707 100
3155 5935 61
10302 7542 2
6815 2508 25
5538 11963 68
1209 7310 66
8731 864 47
165 1724 88
490 11863 60
1297 10736 50
3240 5356 47
5809 2572 70
627 1956 3
8432 6182 57
8638 2661 31
8528 2901 70
11215 8433 94
12031 9264 12
10409 1961 41
10723 9856 14
10665 2983 97
104 5698 58
3296 9330 30
1651 10382 75
12132 2963 7
8443 10746 15
11309 11070 59
37 9780 56
7933 683 46
9121 4743 25
8644 3924 28
9819 9683 2
5765 5000 4
12272 9319 4
7052 5320 68
4565 2416 78
1257 11690 60
7058 8871 45
8032 6041 83
11920 11109 31
893 9470 31
8170 9000 1
1265 4505 8
4516 10055 61
4082 3463 55
9791 7071 80
3267 6760 96
4335 2979 26
11315 10061 79
10263 11302 15
7866 10406 91
7205 4757 81
12177 5870 22
4555 11097 25
9155 9390 41
8405 3882 41
10977 2947 21
1279 7327 8
478 4345 82
2468 7156 75
5116 8540 72
9332 9487 37
9029 8947 54
2597 713 94
10575 1214 82
2505 1309 31
4320 10504 88
9864 959 26
6865 8953 74
9899 324 19
1699 6147 14
11723 4892 5
5147 8435 88
7331 507 62
2471 4282 15
11177 3756 16
4023 5372 41
760 11164 92
8592 1128 13
5854 1392 58
1341 1985 100
11367 2660 25
554 9418 80
10112 11223 17
9784 1746 92
1622 11451 84
11677 5410 7
1728 8649 58
5144 5109 68
3073 9976 1
5607 10713 82
603 11355 34
11425 8698 76
6096 1715 94
7759 3106 79
1986 4541 75
8022 2340 5
930 11872 23
6185 437 7
2049 3556 10
1182 5405 18
8302 10192 43
11938 1870 72
3579 4164 4
777 2287 12
8698 1840 60
11536 12136 82
6338 4004 47
724 1674 50
5728 9023 45
4713 8686 50
4588 1625 19
8760 3909 28
11473 7011 67
1326 9827 12
1389 9427 87
6927 10400 5
11045 7863 52
8864 4382 37
12114 5406 89
5902 3527 27
2656 2046 11
584 11235 37
9648 6371 64
9344 5161 55
949 6266 46
8181 10157 85
7428 10424 41
5874 6465 97
201 5265 18
8210 10958 24
1168 7661 78
10596 9021 83
438 10042 48
8086 1592 27
6366 5619 4
3060 2400 9
460 12022 34
1607 7708 98
9567 4426 46
4162 5871 65
5878 6440 12
4405 2282 67
1195 18 19
8052 11269 53
10081 4214 40
9615 9389 72
2758 2343 95
6676 7282 96
7504 2189 11
11916 3662 4
5757 1126 79
11835 3912 38
10581 12234 65
8201 4364 61
8418 2642 32
2398 4937 64
6930 10235 71
11345 3798 2
11389 3191 19
154 9331 35
2462 2787 82
4991 6143 21
1651 11320 49
3209 1810 8
7262 6693 55
6589 11384 36
7579 3172 59
12001 9462 73
3836 2590 67
10614 1853 73
10783 4903 75
2063 4657 73
10509 6006 6
9977 9774 87
2691 3058 54
4648 538 45
4274 4122 50
10379 993 37
9096 3689 18
11879 12200 1
6290 4292 4
10129 1453 75
9128 1990 2
10023 10378 38
9228 7813 98
5575 10240 78
11259 3650 40
2107 8350 92
159 1343 78
3394 341 32
8569 1796 67
3196 4169 91
4994 5304 84
8590 5225 72
10998 7405 56
1445 12270 76
7456 8471 88
6251 10836 98
11219 8667 3
11794 5388 6
4210 1901 84
1266 2091 89
8411 9024 1
493 6151 75
436 210 19
1021 8200 81
7654 11887 13
5740 11585 74
3141 5896 73
8566 3350 67
8260 6646 46
250 6236 92
4153 7690 59
229 6423 36
11512 7436 96
7862 3380 66
7383 9744 2
9886 755 50
2080 924 82
1789 2944 36
9668 5494 2
2526 9188 52
11658 4927 72
330 1337 32
8898 3245 11
292 9827 16
9133 9124 63
10987 6207 45
8451 5974 73
12250 7401 32
1073 2299 69
452 3996 37
153 9097 46
11118 3485 62
5702 11483 86
9702 6108 41
2341 5269 18
10884 10186 78
1744 12263 7
5095 11399 38
5747 7761 31
11310 6598 85
400 11285 76
3705 12116 50
6170 3921 73
3571 7607 24
7795 5221 5
11627 6081 42
8728 11574 57
8954 11746 79
5760 10753 87
2558 6491 65
5131 4286 19
41 4898 3
9332 4261 44
7350 1035 28
7552 2003 27
11431 5917 51
7401 6472 67
4397 10472 46
799 3405 12
8880 552 4
4009 3917 12
8311 5998 18
9957 10759 15
5777 4403 41
9596 4309 79
631 5840 76
9233 8435 97
2267 388 31
9321 11110 57
11838 10184 4
7869 9168 70
2991 5185 52
9463 4212 64
2948 1374 97
7061 1875 15
4425 6303 9
2478 10391 38
11587 6432 26
3435 10164 33
10771 8509 55
7605 10269 54
5790 5192 27
7158 485 26
719 541 2
2137 11179 14
10231 8734 75
131 8439 52
11959 2363 57
1769 2424 43
2046 10497 91
6363 10400 49
6152 11832 3
5470 41 40
8189 12263 73
11149 1194 91
6393 6772 62
482 387 17
8875 1179 69
8434 6743 17
10210 4387 14
5314 52 60
3542 393 88
9762 5472 89
8771 11883 57
10471 4123 17
11298 5025 86
10973 2354 1
3098 2557 93
1914 7653 66
12047 952 10
3482 11880 15
2843 6380 14
11202 4720 84
187 9851 87
5292 2665 79
2565 2186 25
7983 5875 69
3152 11521 34
11890 10875 49
4288 8333 69
10629 7644 23
827 900 27
10584 6867 26
3892 8852 57
4292 10933 67
6625 1656 66
3831 1388 70
9256 6625 21
11514 9213 70
9871 10665 62
10026 11293 76
9530 2384 83
5150 10296 93
1359 1029 72
10391 3704 9
2804 5722 76
3491 5695 16
4727 9550 10
11754 6472 69
5501 8171 3
10854 8763 80
5824 5496 3
6329 7750 96
2854 5578 54
618 5232 54
10158 10385 25
9504 6295 83
6518 9518 12
12245 2898 64
2338 2559 33
4093 2337 17
10853 4090 71
6540 9998 36
3779 9835 73
11344 6412 55
10898 5174 44
7596 11384 47
9916 1717 17
5778 5171 65
10857 10273 95
9726 343 62
7189 10188 4
7291 11589 80
3806 2352 34
12338 9900 2
2363 9565 10
8498 8243 30
6364 12087 32
7611 5286 30
10969 883 80
725 8357 39
9183 7187 55
2013 12121 42
12010 3386 72
1066 9156 2
3242 3021 86
6377 2237 11
900 9882 69
6975 7726 75
9451 11467 85
8738 5879 47
3857 5229 38
7567 5201 10
3477 1828 89
4297 7372 15
11436 4455 2
10007 11203 49
5088 3605 70
5981 5214 100
6613 6160 35
129 5093 47
4167 5801 24
4415 6811 22
8925 443 77
6330 131 28
633 9974 92
11203 7424 19
9943 6458 75
6588 8649 36
2072 8057 91
10317 10644 86
3585 4980 38
9913 233 22
4232 9444 46
946 3095 92
3919 8201 14
711 9763 35
12187 1601 76
1832 3751 37
10153 1912 21
2464 8959 17
1125 4944 39
11810 6024 61
4795 5902 39
5790 6698 74
11335 348 1
7608 2394 10
4162 11679 92
6406 8531 52
9801 1311 45
11187 12185 54
10270 12123 44
10176 11120 65
4196 6883 96
4734 2926 39
1720 8741 2
2963 8156 62
12024 1406 10
6139 9797 72
3047 5645 53
7391 3477 59
3223 205 49
11639 10346 57
11497 7121 22
961 9588 86
5535 12322 12
6743 8190 32
326 9262 23
8729 2816 56
846 12320 93
6580 11798 28
3596 137 21
9407 5048 50
2619 11995 53
7066 10594 52
9118 11531 58
11963 2397 52
10690 8994 34
2842 2204 31
3754 8221 74
11861 11863 29
5119 10112 55
9191 3958 86
10442 10166 74
8651 7808 47
8083 1407 90
10955 1665 16
10582 9064 45
9343 11071 89
9761 3358 4
11067 894 21
12207 3053 14
11124 12282 87
4313 10850 10
6934 4953 86
8457 1300 10
9964 8059 19
10707 7482 73
2742 7186 26
288 7047 49
5477 8244 19
2776 5694 41
10328 4622 48
5568 10781 70
1876 1393 17
7803 2705 78
4996 854 56
3094 7191 90
11178 3070 78
7353 936 15
2708 11360 18
10961 11720 49
9269 11036 62
4868 7145 68
2955 2307 54
7764 713 96
1763 10471 83
7620 5017 97
7182 4491 64
6817 844 43
9091 6277 91
7925 3297 22
6006 8590 34
1719 10555 78
11627 143 92
794 4492 94
11592 11221 3
4540 6546 76
45 5306 78
5390 2826 18
290 10084 5
2639 8446 1
4965 4705 46
2374 7154 8
736 3344 100
2763 2386 54
3740 2036 95
10912 5786 33
735 10674 61
12171 3872 15
10134 4936 20
1245 1288 11
3740 3819 83
9937 10378 62
4726 9298 31
2817 11564 32
9265 8785 1
823 4266 81
11579 783 96
11541 7527 39
4280 6270 35
9477 11793 91
6528 1922 35
10602 9889 8
4169 10532 75
9085 4550 39
4231 2300 72
3006 6987 67
221 2783 44
10604 11800 90
6988 4568 1
4753 4213 64
5377 6911 27
11030 6095 27
1997 3393 95
9816 6997 98
9 4690 1
1504 9223 60
877 6695 94
5082 6765 80
6545 8066 56
9472 6154 95
3960 3879 52
11300 8669 56
7354 11943 88
7587 3523 87
7471 4557 29
2819 3908 15
1813 2570 72
5754 1515 20
3926 6229 54
10442 2009 6
12025 5096 8
1458 7929 43
1171 10981 48
1276 5638 42
9194 4147 16
1621 6948 73
723 3205 92
7269 6684 58
10298 8594 65
7712 2127 4
7190 10581 78
5114 1533 2
2290 10622 37
12317 8665 75
7685 3139 82
7976 8971 43
5090 5969 73
9491 3336 50
7634 9081 81
3359 6170 87
10338 6931 78
5151 2664 42
660 2603 6
10837 10629 48
4470 8769 14
10337 2768 33
6269 10747 100
5949 8874 75
6295 8209 81
11550 9151 94
1362 377 87
8742 3148 82
7887 11417 9
4482 11736 28
891 254 27
5730 7149 47
4545 1816 63
7125 3240 22
6229 10596 30
12221 3972 57
466 4201 40
3060 8510 64
888 7603 1
10451 10912 100
7344 4659 35
6120 6807 37
7801 5369 23
4587 2298 80
7499 4584 35
11816 846 29
3273 4784 70
10242 2310 80
10523 3830 4
537 3885 88
3496 5929 22
9141 9325 64
2053 5650 85
11289 5801 41
1132 955 22
12177 11650 48
1323 381 61
2234 6573 63
11598 6863 94
5463 904 7
3243 7985 40
10414 3668 12
7879 6139 28
8384 11377 25
6193 9885 75
1806 9534 42
1399 9586 100
2222 1094 21
1328 3358 26
11283 4092 36
3946 11707 68
5586 1499 27
2258 8395 93
4431 2977 11
8460 568 42
6152 3258 28
7237 2270 42
7856 12272 16
7277 5509 24
8458 1188 38
4989 4372 53
9079 11846 54
11322 2467 62
3176 10223 88
11162 3256 43
6626 9479 59
5281 5398 58
3788 5305 32
9331 4643 36
2109 3309 37
4366 5593 28
7499 374 8
10878 9004 16
8280 119 22
10488 9257 79
11178 738 95
7506 9867 34
10133 5843 37
11851 6392 59
7975 6591 60
8428 12066 3
1121 8891 37
4248 10679 23
7824 11219 5
1113 5359 19
5783 12225 38
1308 9863 77
9633 3482 94
3846 1588 31
2640 6829 79
604 11888 81
11229 1958 66
6535 10514 16
8583 11427 66
10686 12025 88
6741 8538 20
224 3864 61
300 12247 36
2649 2548 2
1350 6134 92
12232 5624 76
7412 461 35
5541 11067 45
8316 10107 10
1841 56 37
7153 12104 62
5199 6722 86
7537 1430 44
2035 3297 5
6276 9284 29
3432 4848 33
567 1605 65
11848 859 14
9312 9057 13
1208 1402 36
10370 423 90
4063 2643 10
1529 6755 27
99 9356 69
12312 4558 45
2233 413 56
9921 11564 64
5523 9520 10
908 649 61
7118 7177 70
1126 2941 16
6073 9453 85
5913 953 84
6872 6652 24
1437 7309 46
10206 3723 90
3813 3254 88
1294 4202 32
4029 2063 12
6801 5266 81
10723 1460 86
5963 11483 92
6825 5536 91
4108 35 25
1507 8175 19
2387 3553 89
9510 10021 53
3248 9686 7
4108 1505 22
6256 9880 11
7425 9766 85
3391 2359 6
1930 9680 58
3045 9357 41
8921 10644 80
3383 9551 37
10781 760 50
10852 7347 25
11184 278 6
5968 8945 31
8567 9444 32
3476 2564 38
6826 11047 79
9960 1857 79
2248 5795 63
9240 8259 88
2784 9150 95
1018 8517 70
5030 6115 54
12002 10193 100
5758 3468 82
7138 2246 23
2100 10768 68
8955 5430 66
11878 3689 95
3648 4899 34
6882 11705 73
4085 5096 34
7439 11673 81
4439 6022 18
10664 5399 31
537 443 54
12317 10785 14
5847 3881 80
10897 11435 30
11564 11892 50
11800 6885 91
9814 2364 29
1642 1673 67
11591 4816 73
9164 635 7
8630 8961 44
591 9087 53
3535 5881 41
2604 8264 74
12137 12323 73
7852 9354 14
11309 5154 81
11024 6972 95
10023 2304 89
340 2197 61
1968 6136 93
7655 11848 84
12132 1010 99
4946 9364 11
4123 9907 65
2120 9152 31
10963 836 56
11398 5557 54
9598 5932 37
1486 10250 57
9060 3569 94
9638 5050 8
10441 3092 22
3189 2968 4
6865 9844 39
9215 7905 43
2260 10362 37
10079 1670 27
7063 4186 52
2631 3898 2
9534 4083 19
6443 8015 55
9222 6294 36
5589 4964 47
6343 11243 96
10245 6544 13
11061 3178 54
9648 4712 79
4602 3182 25
8301 11629 7
4825 3104 60
9208 12342 14
706 12054 49
10182 4573 19
10193 359 80
4870 9341 55
5790 604 82
3277 7277 88
806 2185 54
2289 5855 28
12025 11421 59
5913 8821 27
2590 11581 64
5180 6466 88
6119 11024 69
836 7524 94
10888 4964 52
4185 472 60
8368 1757 71
9048 3957 33
4645 7493 27
6255 6117 3
246 8543 88
1871 2088 41
5840 11330 3
8671 7411 17
8131 1143 20
11114 3490 38
7471 3838 80
1447 1944 16
5341 8024 72
694 6215 25
9692 8577 4
7392 2949 53
365 11631 53
2971 11446 69
2144 10983 15
5333 9020 52
10687 4747 85
1456 3299 38
1953 10805 81
4645 9149 61
7190 10291 52
9338 5926 3
2783 6790 25
11119 2174 6
10645 9023 89
11656 4679 32
524 9077 55
9505 4774 1
8294 5000 40
8774 3554 13
7628 10439 38
8751 6130 10
7734 4177 61
6508 1255 50
6743 10077 23
2764 7196 10
9153 8921 55
7137 11018 88
6177 10394 76
9831 6801 76
9959 7963 16
10503 4426 95
7873 3016 4
8542 1997 9
7779 3436 99
3872 2108 70
6451 5123 76
8139 6381 1
8485 8633 93
10634 9947 78
11022 6056 32
6281 995 60
3745 9706 27
8726 10443 61
206 5901 77
10621 7650 60
272 6430 50
5542 5910 46
3652 2345 45
3621 10416 89
7246 9131 2
6542 1609 32
6938 10984 73
4102 8675 95
2653 11523 86
9652 9528 89
12308 9624 63
208 7756 69
124 10955 7
6625 5237 76
9041 1794 93
9720 12003 13
3724 7768 16
9997 10254 32
7043 7268 18
11671 8035 83
6077 6519 98
2542 946 10
9411 9779 65
3489 684 91
10018 11465 85
684 254 60
7306 238 45
8698 5047 69
5942 5767 34
11393 12307 4
469 4430 32
5353 2597 36
2458 3167 93
5607 12280 11
11414 11979 62
9661 8924 71
4813 7356 63
8982 5117 78
9307 4586 17
11822 11240 82
6584 173 58
8079 3455 34
12076 6325 97
4505 6469 13
5331 10331 61
9800 9005 72
8073 12268 64
4550 9540 55
4602 4049 64
7461 1011 16
9595 6661 49
6793 6483 35
8779 3341 70
4268 2266 73
11136 7733 38
2311 8926 90
8585 4442 82
6383 8964 74
7727 748 87
5610 6296 21
7577 4994 93
8281 8546 51
11534 5157 27
2247 6950 71
4140 3782 98
9210 3242 15
1693 2768 37
2315 12077 97
6573 11399 41
2615 357 11
7002 469 24
8455 5202 67
10068 6000 14
3867 5176 2
9203 5697 32
4626 10140 88
3483 7766 60
8369 5161 92
6064 11637 37
2465 5138 15
3894 968 88
10040 4588 10
971 6674 45
10453 3603 75
11557 12331 98
3909 6303 96
12265 5599 43
3918 10974 45
9417 4227 4
8913 11918 71
7677 4061 53
2965 3512 55
8419 10704 85
9318 4627 47
4949 9273 34
7300 10086 46
6980 9888 43
9620 10938 7
5753 4036 22
11841 1479 55
11635 10898 12
9229 7690 16
308 594 60
3637 10742 95
7081 8752 10
7182 3376 16
11334 4949 100
1726 4012 37
9638 856 59
5688 2885 64
10665 8193 47
3881 8915 73
3683 11047 62
6793 10561 34
10482 9800 98
9886 11089 90
3289 474 27
6836 8553 67
261 9874 14
9855 4562 86
5159 5272 42
4087 5899 14
8301 3876 25
7442 6834 28
8609 1379 71
7027 2194 88
1631 12005 34
991 2434 29
4671 1219 25
2048 7339 53
10032 11564 92
11902 3670 20
1251 9464 29
5418 131 32
3897 2633 84
9365 8391 51
9523 2573 8
5507 1142 49
1399 2284 7
1989 4554 36
5990 3369 31
6629 189 67
5461 6048 65
1269 6808 33
10750 842 80
3700 11136 14
6315 4066 79
3600 8771 99
5776 8392 46
4035 8141 75
5267 6496 8
89 11816 55
5429 6530 11
6762 5034 16
176 2363 70
7158 3933 17
9365 7029 69
11071 9739 86
7046 2606 4
1855 1208 48
12153 9019 4
11637 6897 88
6186 8067 99
10474 115 86
10286 10668 26
4713 3956 8
5553 10597 51
6527 8249 16
7731 12081 17
4804 8851 52
3786 1381 69
5244 11708 12
4251 2316 60
12024 2678 10
3235 1807 81
6026 3883 16
4652 6102 15
5343 4096 74
6830 256 90
3449 3968 27
6915 4773 68
2233 4102 65
151 154 94
5529 1649 47
5721 7071 48
10386 5989 65
4310 1139 48
2427 7002 60
7735 8422 46
5535 6374 63
6840 7050 12
1443 9877 82
10065 12013 37
2999 3729 32
7946 11246 62
6182 8410 31
3913 9557 83
12261 9483 34
629 3824 72
11510 11709 95
6315 9682 56
7432 11458 30
12328 3612 67
11339 5371 69
3101 1550 66
3101 5716 17
6428 7989 2
6542 1555 79
7486 5777 16
1994 10996 41
7836 2158 3
4310 6896 83
10122 6987 65
9932 6086 69
499 11378 25
5920 8732 53
212 4703 80
3184 8343 22
4803 9852 30
8877 5631 68
9220 6072 57
8003 7346 53
7155 7637 60
611 6694 33
2496 3062 12
5140 6559 44
7615 2791 42
6733 5995 33
12037 7274 37
1527 9246 51
11865 10357 42
2303 1122 61
9025 3737 30
474 7795 92
7253 11646 61
7262 11594 18
9883 1554 93
8056 5943 17
6001 5044 15
5264 2976 84
3955 2671 2
1836 9158 2
11259 8393 73
3678 1817 20
9026 7668 59
8258 10235 97
10142 3608 30
7923 3407 99
11923 9781 7
10708 7804 65
9109 2128 37
10753 11267 50
7366 11075 26
18 264 67
4548 10054 66
3275 3369 14
11400 5793 33
10270 9903 23
7535 8426 32
7474 9573 35
10151 9135 3
2427 11665 90
3224 2224 58
9327 3653 16
4994 2920 4
4629 10524 71
2360 11225 14
8049 7753 36
140 1889 51
5064 8810 1
11084 3451 8
341 7211 58
7926 2816 86
9513 3183 6
10467 11188 4
10781 6265 13
6579 4464 90
9703 5744 86
5678 787 15
2647 8445 77
4425 12164 6
7596 7723 98
6327 5494 99
4768 1541 97
9791 6769 15
4588 704 14
6945 3545 64
1956 1594 41
2594 10103 35
1179 872 89
6391 1135 40
10648 2307 90
4492 2743 75
5329 1952 72
10363 10440 45
1947 11709 11
3751 2928 40
9747 4110 27
578 10479 43
7892 11038 15
9867 7513 93
12044 974 51
11208 6121 45
2688 9188 9
1218 333 29
4299 11919 14
10539 10751 95
511 11606 42
11729 9581 23
11470 510 54
6299 9430 2
4225 287 51
2995 7425 99
3567 5766 100
1860 1999 62
301 10769 11
6080 200 93
6152 1544 91
3712 4621 47
10274 10605 6
8438 7438 91
6501 5337 96
8657 2396 70
1650 4890 58
5819 527 34
8341 7918 48
6178 8768 96
8946 6976 27
1010 4878 91
10709 2522 37
420 3891 43
8814 9918 47
3266 8804 22
5458 4031 74
161 5966 100
1394 549 54
12144 7839 25
7456 11965 56
6608 8659 5
3625 4889 43
9074 2082 49
7853 3750 68
2825 2435 99
5993 8010 79
1560 5719 23
2015 2204 29
8160 7448 80
10644 6684 13
683 6592 56
11097 7614 65
971 2905 67
10685 4262 85
636 4944 30
10101 771 9
3893 3494 61
2722 2234 22
8307 2232 24
6759 460 55
4030 9763 11
6459 3730 58
1500 8058 67
10945 2406 95
4337 9670 90
5989 9874 33
3592 1914 91
2130 4131 2
4412 477 63
7714 3436 4
4722 10942 86
9178 6541 34
5995 7421 97
108 6335 40
8902 9914 30
9505 10097 12
5087 6215 65
5305 1828 46
8369 4838 66
1395 11660 46
7917 85 40
11714 1736 92
11249 3392 90
2809 483 62
3278 7999 95
754 1711 8
11588 6122 92
10150 4693 68
10949 966 69
5022 4349 46
10861 11167 23
2410 5303 10
1907 7738 76
5120 4322 7
5941 3342 7
1046 3822 48
10302 528 62
10658 9078 33
7722 6187 50
10623 4659 52
8051 6485 9
9574 9848 37
7324 11373 72
4315 5666 91
7198 7006 43
4400 2395 95
9806 9925 97
11752 1533 15
7291 7870 50
8473 4996 72
2815 1783 98
10577 10277 35
7114 9333 56
3079 10351 36
6816 8870 80
4469 12171 34
11337 6565 58
10611 3911 92
1188 6067 63
9562 6568 48
12178 5589 8
1334 11552 60
3451 11466 50
4954 10012 47
6356 7633 7
7384 4656 43
5568 11500 75
8937 894 98
3658 9410 9
322 10441 70
4701 10954 78
10183 11180 12
9313 8293 65
2040 3978 6
4999 3988 4
2464 794 48
3463 11651 86
2336 2642 74
4264 7098 38
10166 10746 14
11339 9790 23
8327 12085 15
2477 9605 34
11016 10896 7
2393 3078 24
10724 3666 79
2250 1717 4
1583 2821 80
1994 9855 33
2447 2615 38
7949 10672 90
9509 1283 64
5478 12280 78
10687 3575 92
7146 11141 42
7400 11123 15
9780 6722 18
7659 55 21
6477 1808 23
5062 10299 12
6113 2262 41
8535 8126 36
6589 4645 48
5885 2037 51
7724 1463 83
11623 6395 79
122 9595 3
697 2563 74
2539 3379 79
10355 5795 35
363 9284 93
5919 4442 98
8515 5119 73
9935 11648 43
7197 6086 65
7584 8475 96
2186 7576 69
1739 1093 59
12321 6224 53
9327 1033 72
10381 4098 79
9197 6296 9
11243 520 100
9391 12204 17
10984 11040 59
460 11678 55
866 7569 44
1095 4118 40
5904 6986 8
9445 7466 33
10576 11362 31
11245 11135 20
8932 10259 15
11230 7198 40
1092 10842 55
1002 10803 21
2321 390 14
10563 5678 100
3728 8821 25
6193 2116 26
131 11130 41
3976 4270 83
1769 3119 54
1984 11892 19
10237 8149 1
2305 428 15
6224 8988 2
9061 2319 96
5702 4730 67
11386 1537 95
8386 9948 95
3379 12230 44
12216 10564 80
2068 800 11
10287 6794 59
2887 2313 50
3660 5874 66
611 10485 1
1304 3088 4
7973 11316 89
8722 9290 1
11723 826 46
5106 3243 30
9908 5194 68
1284 7898 47
6990 2861 3
1366 6933 80
10360 11412 68
7201 4076 38
6927 9944 62
4696 4165 13
9892 4635 27
5796 564 70
10551 8713 82
3176 7566 4
5469 1441 94
4302 12330 43
10737 3494 31
4598 9133 13
10310 1203 27
3705 7399 76
11484 312 46
11445 1919 26
2411 10443 50
1342 875 75
10780 3698 89
6133 9900 99
9233 2540 30
6745 9522 79
2469 5745 92
6157 5593 21
10441 3841 23
12082 11085 82
9024 2776 82
12010 10401 10
9492 6619 48
2858 4451 47
5306 4199 78
8836 3830 23
5116 461 38
1433 10417 32
4208 2596 15
3791 10625 30
12235 3204 3
11089 817 89
4462 11826 58
11787 509 66
10218 6563 67
4238 5904 97
1950 9323 66
6670 2159 30
2319 3327 39
4744 6995 44
11133 5176 47
1993 3094 42
11417 3679 57
2016 12012 82
7563 2767 92
8311 2470 89
2060 9885 74
8608 7066 49
9852 7982 76
100 12079 74
1495 4854 55
12026 11894 1
1611 949 37
7389 8361 80
850 1832 100
5756 5713 63
5973 10584 36
3655 8506 65
4325 8458 38
6262 4034 40
11321 3860 49
6048 6819 97
1226 1930 11
1780 7215 87
11898 6386 36
11127 5790 24
4952 12275 88
252 10700 4
3448 6569 72
3799 9303 19
11564 10686 71
7727 2977 83
7178 5043 81
851 11503 23
2629 2025 37
3790 1000 17
1288 7758 1
1628 6283 14
2224 5339 9
1240 2036 6
521 12119 45
4611 1444 75
11992 6488 69
10512 3657 94
4866 12202 75
9625 5437 51
9403 12222 21
7701 4701 45
9063 11113 14
11293 467 39
1989 9157 100
11181 6502 25
7987 6292 58
9010 2004 27
2349 11756 84
3583 1146 28
8094 6798 42
7048 3268 4
3971 3670 41
9657 9660 17
10081 3251 82
2824 9001 71
3275 8074 44
8673 11795 26
12339 7586 100
11206 9996 2
4532 2276 86
5608 12213 79
1158 9264 30
6762 7995 20
6440 3116 58
10354 4341 34
2016 9942 81
3520 7478 46
8814 11642 92
5460 8977 33
725 617 37
6106 9230 69
7006 9947 18
3793 9271 13
7124 5219 10
9728 6676 10
7070 6225 13
10578 4683 77
7262 12077 88
6313 5401 1
3189 9914 30
10101 152 89
12106 2037 20
1476 10838 43
2240 3093 34
2266 7621 14
679 555 20
10615 10341 64
829 7811 98
9432 6470 64
11351 1964 19
8716 12222 98
6475 11600 53
11223 9648 96
3277 9828 91
5297 8815 6
9555 7427 22
2367 10583 78
6344 8677 66
4744 5893 66
1073 12211 20
8408 4685 28
4988 7335 46
6882 7186 22
10117 170 4
4960 1390 76
10226 9788 43
31 7868 61
4446 1314 30
