9999 4000
5790 6051 2277
2810 1626 336
543 8871 804
9350 9759 820
9038 3249 4610
5679 784 3021
750 4785 2941
9688 8894 4696
5243 6410 1657
8744 5309 2829
638 8209 2210
7781 843 3929
6920 1241 343
3155 5830 696
7973 5544 719
2305 609 4552
9545 1603 3150
3051 8600 2848
740 7108 1419
7629 1810 963
6276 1571 3067
4565 8562 1144
9614 6295 1343
314 8011 2949
4982 766 4331
1095 3262 197
2243 5724 3022
8424 1857 2951
2534 1399 1315
5116 4857 319
3239 1356 2325
8809 4157 927
5082 3945 2321
8042 3994 2888
2899 5893 4113
5279 7433 558
2861 8356 3152
6355 1444 3931
9942 7455 2249
9288 598 139
7596 1289 50
6930 8143 1763
3990 6598 3075
2383 6443 4338
2616 9298 1212
1799 2270 1246
7168 6277 3416
1691 5555 3665
1570 3824 1453
8019 5197 2123
36 6824 4083
5585 6965 4873
8025 3731 3301
7082 1170 367
8487 5696 798
452 2561 347
1901 6472 1116
8050 910 810
7264 4579 1430
9822 6973 2963
1281 8569 3317
1464 7898 4164
3103 1817 4579
3589 518 3515
4472 6271 2906
6299 6687 150
7205 3038 3774
2154 2285 2344
1989 5934 2353
6323 9002 1236
4045 9084 3360
9438 6429 4368
9281 1328 464
7073 6286 3871
6473 9901 127
8155 8632 1249
6514 1406 4773
3675 253 3082
3383 910 513
3997 7357 2688
8661 1289 4494
7607 417 3667
7455 7780 1909
5104 5928 1715
9902 6379 4677
9372 6386 3163
2909 2401 4
8511 9078 242
580 6044 108
3213 2876 1836
7856 3784 789
2465 8553 674
5440 7313 1267
4816 9545 2166
7862 1453 3710
9408 2144 4496
3436 1206 606
7611 7183 2084
5931 3950 2434
3624 6694 2839
2285 5145 3345
7738 1700 4032
4995 3260 4754
3172 9909 1455
6331 3884 2983
6854 2264 2185
281 3943 196
5257 6183 1299
4747 3122 4087
6757 8621 3433
3178 6629 3313
9709 617 537
4291 9059 4386
8861 2819 3352
1527 1436 1040
4065 5311 1922
7189 526 736
6612 8153 624
8645 5141 3729
6573 3744 2617
5447 5217 4120
6472 5512 1088
9495 8570 587
4128 7357 4863
5406 4577 3665
7988 2088 1050
1060 2096 3017
9946 9317 3505
2983 8238 2819
3976 3683 3312
3465 6704 245
9933 7195 4870
9981 719 4810
591 2348 3828
1380 1467 2244
9065 9397 1132
5526 4640 1447
9020 952 1814
3796 6894 4035
4720 9007 578
3053 5920 1258
8921 9081 4541
1255 2482 4238
8471 5558 1735
2013 2111 978
4530 7793 2763
4468 7037 3637
1999 5502 2881
6491 7788 823
5541 997 3236
4761 9261 513
5566 828 3295
996 6053 4370
9762 5812 890
11 243 4958
8802 129 630
8570 6627 2087
5752 2532 1377
6186 5077 1086
8221 2572 2261
3897 4698 1144
4879 2989 285
7883 4737 3700
4395 7011 1657
40 1843 215
9383 2307 4264
61 7089 248
9469 8261 2971
1972 6305 2598
6277 553 1772
8009 9274 85
4534 8949 1831
5945 8770 2139
7104 6464 1810
9091 5009 1830
2265 8539 2513
5497 2528 1614
7176 3974 3143
1511 8067 3483
5831 555 2975
5622 2128 1044
1183 9660 2418
9827 6344 2968
6301 5548 3332
5677 7488 4282
3011 2118 3569
1618 6404 261
4839 8002 1502
8713 5034 584
8830 4805 3902
1676 5821 4955
623 3157 1455
9031 9001 722
828 8398 109
2646 5490 3114
5662 7091 4445
595 5033 2477
9728 2112 1757
4554 4407 2327
8389 3909 1538
1450 5565 3767
7914 220 427
5911 637 617
8415 463 2212
5959 433 3288
5575 9955 4530
4075 1211 4150
4466 1941 3343
2783 4330 2375
6386 3244 4242
4074 3639 2741
1396 1847 2912
1326 2207 4935
8240 7292 3426
4206 5546 779
4472 4919 2176
4784 6582 4897
9386 2405 3194
6182 1125 2597
8479 568 910
6170 7406 4737
4523 4737 4946
6520 2365 387
438 6076 2645
8516 6176 160
6291 7214 3402
8768 8847 2716
7050 955 116
5948 1224 1203
6203 4162 3528
1716 3568 4139
4552 7870 2785
6094 9934 1778
7699 7349 1049
4681 2074 1520
389 9257 2304
4777 6322 3808
2808 6188 1131
9163 2892 2452
286 3767 3733
1425 9909 899
7397 6095 1602
2505 9421 2616
470 914 3851
8714 4026 2819
1127 5282 288
4370 3825 2730
5950 6681 4890
9659 2244 1561
9918 5404 1563
2485 2876 3878
6188 3464 4986
7027 8987 397
3797 8851 2892
9138 5155 3586
1198 6264 3272
6523 5454 3079
5817 9385 1230
7741 2842 3872
8570 8555 3242
8379 5822 957
8481 2640 3186
1738 8864 1537
3662 2526 4305
3905 4094 3739
1163 2601 4058
808 1928 831
5365 7243 2356
6384 6284 1120
304 8424 2997
5590 1432 1267
9554 7800 464
325 4431 848
2085 1914 3989
7659 4616 4928
7366 5929 2285
3898 7453 704
5183 5951 3103
7618 2881 4687
5935 446 2219
2203 7446 1309
6849 8882 4669
4841 918 146
4096 8126 1425
1566 152 3379
8579 2523 4665
2635 5372 843
2073 6522 2055
4964 3301 3552
9943 303 2058
7964 8478 4983
6332 3502 807
4085 992 1770
4616 2265 2538
9963 9195 1137
8513 9864 2132
4762 6859 2203
3746 6914 4550
1298 342 4652
2225 8013 3552
4320 1754 316
4676 9546 4423
9185 3155 1670
227 3270 1404
5840 6776 626
1521 1533 4880
3077 1660 3174
8781 3980 1721
9556 2004 4542
7372 8975 4898
7693 3015 825
3388 6844 1439
6333 2596 349
7057 9722 3151
1253 1252 4582
9770 2116 351
5442 5627 1960
8200 7555 4801
5321 5227 338
385 9333 1198
3021 8835 2052
5398 2502 3911
3328 362 4826
928 2433 4523
8102 7903 4729
7761 7075 354
3038 6679 892
7105 5144 3354
1032 5284 4848
6138 5280 4639
6121 8618 2863
4966 8512 3350
8641 540 20
4607 3157 3760
4963 4874 3514
385 6618 4307
3706 3874 1790
1749 802 339
2884 948 4525
7200 609 760
2627 4048 4392
3292 6628 357
1510 4009 1542
1192 6783 1589
2016 5250 2447
1924 9043 4808
2678 1941 4781
9167 2320 4210
8244 4553 3220
8617 5887 3357
5322 2733 220
4171 4520 4612
2084 7048 3968
5321 3404 4633
486 9572 1809
4830 7687 3263
9572 9182 217
4911 4425 230
4131 5963 688
1761 646 1024
1760 4822 3611
5285 8426 3666
6572 280 3091
5827 1899 3987
9740 7808 4115
7814 3090 2723
1396 8531 3916
6105 4615 2876
8417 1375 1026
839 8225 2409
7332 8766 945
8606 885 1854
8140 1615 1944
6826 3925 924
3979 4961 2556
9475 780 2494
9911 2440 4934
1953 1288 3690
1980 91 2116
4840 51 2046
5180 3072 1251
193 1426 4095
5136 2836 3328
3361 2953 2828
164 1567 132
5638 7121 4009
9576 7742 985
4605 7073 3072
7553 6396 3220
8892 9808 1331
8339 3715 581
7118 7024 711
3605 2656 4683
1143 958 1682
2745 4330 1963
6259 2772 2400
9775 4849 4809
1795 4978 4854
1240 7991 123
5930 2860 1675
6001 4066 2384
2293 2950 292
5494 7503 2431
1918 3905 2997
3892 1670 2117
2588 6542 2062
9918 1524 2690
9336 7972 4630
6324 6481 2219
7457 578 2267
2160 1984 1901
4023 6935 2332
5130 8482 141
4396 9386 2106
2428 3670 4654
948 563 196
4068 6682 340
1028 5204 3041
6766 4757 3083
6228 4051 408
7145 4468 586
7077 7081 2967
8382 13 4350
1949 2780 2392
5326 9240 663
8228 9956 2685
7948 2977 654
140 4798 3186
1553 3024 4687
7761 1649 767
9123 1027 942
504 5839 1975
8310 7967 3442
3110 526 3131
1141 4013 299
1557 5349 1215
8170 6453 253
1299 5165 3403
9561 1305 3553
8170 9648 1630
2237 9261 3177
5366 5123 4809
3054 5950 4744
1095 3998 1811
8527 9628 2999
1865 2251 1786
2841 2804 928
1113 5980 4096
8491 1242 623
7879 102 1366
3385 4825 326
7305 7762 4339
5385 5897 472
7581 544 3042
9954 7510 153
6953 6084 277
5554 1988 2700
9715 1855 1942
3271 6722 1405
8349 1622 4200
8906 9121 2485
517 4099 936
3576 1962 2700
3823 8589 1231
8160 746 3263
6885 5238 263
583 182 3849
5647 5271 1886
8606 4433 464
587 6 4382
647 8018 709
9990 4754 3179
2124 2559 1083
9604 955 4729
5872 824 1254
8745 6967 1743
203 3839 3478
3827 2630 4643
9546 8961 3293
5042 839 3726
1416 9707 1053
8446 7669 2478
6882 288 4641
6600 4664 1241
8419 8287 2681
9365 8286 4074
841 3056 2298
1108 8031 4663
7985 692 3709
7392 1286 3866
1209 8090 3357
8996 9329 1203
5820 205 4265
8698 3779 3554
7232 6907 1030
7636 3097 1849
5128 5866 2516
1541 7771 1318
1215 5274 61
8711 6045 2546
9380 7898 3882
9380 3076 4071
1011 264 4936
7727 6528 988
3131 8004 3853
8720 9171 2775
6599 846 2189
1929 7980 1553
8244 1740 2592
1676 439 4500
2054 5464 3844
438 6333 3035
3398 2754 3457
8801 1452 3705
6621 7921 1512
7747 8903 467
6332 5194 447
9257 6102 3254
6053 7617 1551
518 6195 4240
107 5177 2458
5447 4014 161
9918 9946 2325
2146 7943 4847
7097 5483 3139
4858 6927 1361
3526 3371 4620
2662 5386 4649
1907 6607 3685
4461 7807 3866
5199 4485 3098
4099 2599 2027
5379 5400 544
5978 4678 3453
7364 3023 3234
1025 33 4248
1537 8762 3315
9585 1101 3199
9354 531 1503
2580 4551 2458
2572 1766 3011
8406 904 980
922 3864 167
1329 1117 3200
587 1473 4580
2158 7461 940
4688 7496 1775
4501 5812 4348
160 6896 4183
2496 1257 1485
3927 3953 1396
8162 6276 3921
6056 6225 3669
3015 5608 687
2631 3306 1959
8524 5324 4163
2032 2268 3074
3308 8071 3896
5604 3306 2967
2019 6012 1495
7649 3298 623
2086 7568 876
5500 7651 2363
2017 3029 4390
1600 5505 3849
1104 284 1892
1232 5091 348
4541 6051 3949
4882 4814 40
766 8826 3921
22 1321 711
7598 6854 4075
967 5089 3958
8608 4170 1251
8118 4321 1498
7797 4476 2083
770 4320 2506
3255 8909 2105
6252 2483 1262
8154 4055 2240
5465 5719 3674
1342 8474 979
4583 2555 1546
7603 1673 3134
8995 4213 2165
2135 4357 439
3004 4689 1522
5766 7548 4892
1553 8752 4989
331 88 1909
5646 8340 235
2562 8069 4943
7873 4217 4148
3532 4672 970
9119 9099 1705
3837 2624 1863
6997 318 3870
5101 5302 2371
2738 1003 244
2870 1228 4288
1458 8177 253
4054 3117 1887
8059 1240 1825
4189 8743 2306
3747 8592 1373
9533 2475 3866
6926 6033 367
9225 4458 4825
6982 8110 4730
3612 8808 2423
3782 8572 460
7183 8832 4794
4429 8573 1641
2412 8723 636
6856 5343 4907
73 7762 656
2029 2235 2895
1824 1567 262
5895 2101 3649
8883 648 42
2960 1358 3552
7355 3325 4130
1628 6911 62
5318 704 1636
3180 551 642
5779 4531 2763
9123 1789 3510
8707 8542 1933
5988 4443 68
8186 1663 4499
8484 7564 4701
7947 4307 2918
726 2528 986
4856 9921 1755
5700 1189 1658
1254 2647 1910
2276 4958 1161
5720 1657 4131
2292 2038 2655
5920 6683 2520
2919 5314 4717
1189 6731 2278
1015 1183 4182
5419 9255 4853
3005 5811 3577
533 7186 1686
2205 616 2843
1497 4986 1448
5981 1935 1971
6640 6913 975
5129 5884 4250
3878 9171 3720
3720 119 898
5625 7529 3538
7483 2623 4801
4247 8433 4665
141 6023 1523
5870 2785 3282
1729 1061 1048
1175 5736 2208
3579 424 3018
9149 3055 4934
444 3410 3825
7993 4348 2493
2226 3859 1180
6927 8469 4025
2722 4946 1464
829 1095 4809
258 1732 1149
8434 9255 3403
1390 1047 2007
5628 1424 4178
6153 6251 1978
234 2310 792
5524 4344 2579
2582 2336 3707
5353 6059 3693
8537 108 4090
3728 7035 2713
5018 4017 3387
4211 6365 486
6945 6568 1783
4536 4856 3755
5760 5446 2661
7167 2528 2059
171 5959 58
7501 6525 3938
1209 8017 4807
3399 6380 3641
5349 8707 1413
5842 8137 2999
6863 8663 1706
7772 492 832
5494 9075 4678
5170 6673 494
4219 3464 4852
1486 2573 728
4567 6584 3755
5981 7648 4057
4092 7872 2519
245 3227 4368
7446 801 3173
9133 9997 3709
3055 6448 520
1220 1902 911
6003 2906 3490
8905 9032 2008
3580 7789 2638
3657 1513 2222
5008 9879 2238
9910 9409 981
3163 8904 1188
2956 5697 1912
4052 4854 3021
4431 1802 2500
6532 5378 2466
2888 7270 4782
9235 4119 1704
7819 7203 3225
5551 5773 2288
984 669 3313
7169 6423 4111
1655 9590 650
7312 834 4936
3325 8746 1499
6079 1616 4863
7278 7173 5000
1829 8593 3859
2990 2546 2204
9655 4037 4753
509 4072 601
7981 3508 2530
5398 8207 3880
5442 1501 1291
8563 1925 4814
6495 251 2483
8304 5986 3717
4561 2016 3426
6635 9684 46
811 4456 256
7092 4917 3569
2674 9934 4260
9955 6964 1306
9853 2761 2378
193 9998 1951
5870 115 2395
9429 2836 275
7883 5022 3659
6521 5534 4737
3224 7533 2840
6772 8718 2171
4905 207 2225
8926 8664 1551
1985 1222 4455
8163 2530 3805
6974 7517 2441
2985 3733 2193
7235 3201 2198
1241 5664 2475
7713 737 72
5886 2735 2020
5001 5421 1914
863 6457 547
538 5338 4134
29 7533 901
1409 7230 4342
7165 4127 4453
9691 4003 2192
4683 4742 997
4880 1877 3606
3156 4483 2645
6717 6632 4367
6224 2476 4254
1431 9988 947
3241 6605 3688
1105 6003 3661
7374 3137 2225
4923 6879 4693
8283 7174 128
3035 8494 2761
3696 6608 4277
753 7371 1438
5878 1112 2920
8004 853 1559
9993 5798 4763
4257 8731 2011
397 3289 1739
4847 7411 2354
8169 4939 3752
5507 7711 4859
7809 5466 1017
1850 6163 2937
3932 4974 3919
6439 9800 192
3755 8032 3663
7471 9346 974
6821 95 4779
1758 9545 3006
1218 5183 2227
6189 6651 4578
6437 2464 331
5467 6548 767
5877 1611 3661
7107 6104 3617
9489 1751 587
873 3770 3324
7806 8113 2388
7115 5430 3196
2594 7521 3105
9097 3010 4841
6524 3893 4275
9646 9725 2932
5817 5785 1877
7794 5783 132
1536 380 2646
1874 4549 2136
6792 8224 3203
6104 9854 224
2918 3855 4287
7788 6985 4956
4812 1770 1887
5222 2741 3159
9784 8886 3747
8978 2875 4174
9751 2284 3793
3874 5334 4913
6704 7558 3591
8719 3385 4134
2861 7922 881
9679 4365 16
3657 5253 921
149 1559 3454
4847 8091 1271
9415 1398 1718
2397 9653 1168
9177 6516 992
9622 1672 3495
2500 79 3050
5986 8741 1454
5717 6836 2550
597 7851 4759
2775 3668 2898
1888 9035 1659
8810 5138 1808
6165 3240 811
6445 2497 4101
8171 7709 2709
9397 8948 3933
721 4935 3330
5741 7990 109
5467 2426 4853
9199 3374 4503
1869 574 3348
1015 5860 2067
4684 3340 1138
5391 5491 1247
7795 475 2914
4632 1221 1348
8237 7044 2567
1692 8326 3751
6395 3931 312
1492 9682 2260
9911 5932 61
5278 9809 329
4434 7005 1663
1567 932 2001
4414 7461 2822
2944 5845 1480
9457 7256 2707
9717 7771 1785
4205 3274 4847
1495 7269 316
9157 3027 2444
1058 9411 66
3185 7066 190
8990 1981 3871
5725 7464 783
601 2865 1543
6198 9541 396
2613 8608 4654
8633 945 1348
6039 7129 4201
4533 1554 2700
4502 9290 4808
4446 6843 3576
1957 4918 4890
5671 6592 3257
11 626 1934
7676 3782 210
3562 5581 1839
3056 7861 3425
849 6440 4186
4944 3766 2174
3712 2922 2182
753 1964 3219
2508 8400 4758
2684 9580 1468
4379 9288 4571
7230 1683 115
2603 6046 4976
9938 7615 2846
8860 9192 2986
2832 9495 902
5689 5788 4412
7337 4436 159
6144 139 1842
5467 4489 4599
7592 8591 1167
1075 1958 3668
3058 8156 2003
9985 5 3573
7477 4036 4903
7072 5596 2291
7282 4502 1814
685 8025 2127
2025 1309 3772
3374 2496 2445
1335 1411 2027
589 7044 1946
1204 2463 1637
558 9215 2595
5003 4693 832
8255 8302 3334
4961 7241 70
9107 3580 1041
6536 4464 4041
1041 7346 4070
5738 9135 769
5383 1805 4982
7462 1465 3725
4475 7287 2468
5928 5211 4576
468 5629 1461
2903 377 1386
2453 4426 2954
2990 5314 3205
3979 7424 1258
7984 9200 1350
8932 4171 2843
4054 2017 3461
247 5085 666
3680 8439 2368
2909 5969 603
6957 3058 3926
1138 1655 3950
2903 5149 4835
3219 2694 3497
7582 3141 2777
1112 8981 2369
7583 5956 134
2295 3285 1523
2786 7197 44
5987 9140 4153
954 6832 2253
5270 7965 3613
4431 950 104
3764 4333 352
3154 7813 4344
3881 6921 3897
5736 8884 4833
5737 9107 1188
2255 1603 3445
9483 1301 3754
955 1222 1785
8115 1340 4746
5173 184 1270
2156 170 1665
3617 2051 590
2692 9333 4932
6071 4967 1088
3653 700 3620
5091 341 2750
9929 8921 4079
6716 3697 2081
4902 7909 649
4844 2484 3909
9845 4414 3756
6679 3311 4264
8631 382 3493
4237 1944 278
8454 4196 989
4518 6737 3943
1868 358 2114
8738 9432 2564
5907 4250 4976
2651 3551 4925
8628 5496 1275
4922 6418 4112
7767 4424 3291
8352 6978 200
1092 2366 1432
5999 1351 1965
5881 3073 3713
2972 3133 1395
8216 2924 860
9006 1059 255
5772 5032 2212
3826 2374 4656
1821 8656 360
5338 9296 1137
226 4730 2012
8149 6391 2747
6357 988 1485
8346 8165 1057
2618 8222 608
2466 9136 3530
4748 7338 441
1584 3547 3674
7976 8180 163
3385 191 264
2554 9862 4671
2995 3470 1205
8569 1156 3282
5293 6203 3859
2684 6277 891
4438 8182 2444
562 8934 4650
5851 7955 3939
4441 6789 451
3222 2047 3149
8913 8865 2998
644 9911 1960
4243 5904 2993
9484 1027 1764
2311 6473 338
144 5740 3222
2393 9114 1275
5888 8449 4323
7794 2607 4992
5253 6431 681
2037 8156 4650
1697 9595 2733
1157 9706 4470
1724 9283 3053
2614 6639 4340
9219 119 268
7600 9103 3687
7071 5370 393
3186 3839 2027
6585 957 951
5031 5832 3253
429 8363 4691
5107 5756 3279
1956 9174 1641
8972 2529 2786
745 5792 1795
7021 759 39
212 9500 4995
9948 4067 1007
1322 9918 2188
2681 2247 4765
6009 8835 1254
1318 4573 1258
8617 9308 1034
8264 4704 2077
3520 4052 3182
3580 5791 2258
8123 4570 4937
9546 601 4925
6551 4332 1835
6799 4602 48
9776 2978 1397
1718 775 4645
2378 8660 4934
4226 4556 4139
8939 5302 4666
2477 1090 824
8766 3264 3733
7984 8883 3242
7646 9607 4722
3692 262 821
9434 780 3287
4541 213 1766
1877 998 135
9183 1137 4478
8027 2104 739
8471 9880 2479
4748 7489 4109
3769 3103 2840
3037 1551 2779
9334 4588 4463
8373 2806 1068
4988 2229 4835
7944 8765 1908
2129 7766 2175
6613 7667 2141
1960 4543 2869
8029 6593 1042
919 7028 2449
6447 1801 1855
3286 9088 2079
5 2245 3367
6932 7768 2050
2705 8419 809
2775 4930 1637
649 7779 609
7163 4231 3193
6127 3595 1443
598 3880 2055
5648 165 739
5394 9436 112
1882 6061 3520
8978 8084 3111
5019 4676 2436
1168 4630 4076
8786 4260 2031
418 1945 303
3398 9846 3090
9771 6296 4405
1210 6734 2418
1148 61 619
6858 8835 1925
4568 8113 3913
5785 3158 2937
1296 3701 3256
6113 445 1835
6981 4283 3263
7994 8101 3997
8117 9197 1501
3114 1790 2238
6998 5042 675
1792 5502 850
7446 1958 4132
5118 7438 3847
2055 5977 4646
9507 1346 4778
7676 3505 3359
2774 7888 4843
9894 4600 4903
6852 2562 4460
2383 6022 283
4804 4315 4870
9763 5436 263
2679 2337 983
9274 5774 2050
1076 6328 4722
4256 8146 861
9955 7334 1394
5097 574 3097
3455 1718 4405
7869 8258 1715
293 9590 2916
8365 9325 3981
8570 4685 2163
5348 1326 4117
9749 9212 4912
1993 5145 2642
5604 2376 2616
5318 4985 4874
7593 9355 2233
8868 8671 2889
9967 4567 1067
3889 1273 4595
1204 7404 2116
45 1324 3363
6522 4185 1563
2026 8207 2566
3673 7783 4072
1185 3444 3198
6753 316 4626
6308 7287 3853
5173 4293 4392
2801 6860 880
5496 154 2458
2154 851 2832
2756 2794 2708
3071 2955 3420
5661 9666 3421
6501 1653 1677
9906 9171 2129
1778 2420 1433
4705 1197 2531
5381 6518 4454
2811 4897 371
313 2508 3880
2775 7680 2424
7824 6086 2292
8915 840 1929
7676 4666 1455
3381 4899 3921
7343 8118 4057
9925 9845 224
1548 4946 4443
2161 8267 3039
3156 980 2585
1947 7658 3084
3773 6890 3858
6224 8325 4815
2610 5817 2782
5104 7230 4418
4041 8215 3988
4696 8373 2603
4779 9882 2375
2257 5689 4855
6276 1417 3414
3171 5205 808
1657 7950 3693
3804 3927 152
8495 3204 4675
4790 4579 3788
5006 9107 2454
2112 3552 2613
2145 5003 629
1697 1313 3610
2245 4328 2774
3400 6683 1359
8839 8596 134
1462 1685 2296
2016 5253 3087
5348 6904 3449
862 8840 4609
2515 8080 2003
9528 6804 4668
3025 5893 3670
8216 5488 2435
5702 7437 2431
8754 4008 682
8464 4969 4580
3790 3964 393
6607 2490 3647
2419 2902 3936
6139 1338 2795
763 747 1927
3950 715 2074
7903 6580 478
4341 3188 4896
980 5205 3192
2463 9724 4108
5738 1111 2687
8209 4970 1401
3651 9416 2475
42 2875 3557
1474 3723 3193
6359 1189 3798
271 7029 1788
8058 4979 2810
2460 4867 2516
8084 5413 3315
1632 7681 3299
1116 3968 394
2762 8360 3482
5439 3938 3001
1943 688 3878
2546 8461 1542
7446 9708 4051
1413 4929 4057
2781 4500 4998
9981 1022 2057
4591 8377 4047
7770 4735 797
4408 915 3641
3864 8334 1590
6791 3949 4283
4620 8385 1520
5318 650 754
7252 1856 1649
3968 9412 2515
5538 1022 290
4807 5722 447
1616 7908 3636
8333 6497 4159
7163 1465 182
6002 6581 2163
6123 6868 4836
4848 987 453
1762 573 3156
8476 5800 2505
6284 2051 1979
9276 9234 1128
374 8955 3220
7248 6312 2950
2966 1342 4645
4847 6990 4182
2104 6396 818
4198 6622 1143
7822 5973 1502
9359 6162 4364
7103 9809 3579
6966 2706 2519
5941 9331 2190
5403 9568 4148
2672 9462 1125
2210 1935 2954
9599 1278 1282
707 9195 535
6375 2309 115
3304 9183 3842
1338 7667 620
7359 2133 268
5530 1213 1831
4851 3743 294
335 1493 4380
1586 7408 414
7725 1178 1377
2624 8607 2518
2067 4479 1887
4433 5007 2782
6891 2298 2170
3627 230 2889
9211 9319 4795
5492 1400 1377
5019 5082 3015
553 2032 455
6239 6633 3494
7285 2766 541
2596 3240 973
2288 5760 1544
3693 1019 4402
4073 4194 1808
3159 4275 1247
9549 1149 2681
2271 8128 3425
4605 6908 2210
8312 6719 1861
2049 8717 3350
6106 4851 3945
7780 676 3279
4943 9516 1138
3553 9005 369
585 6106 207
8872 3730 881
8097 2360 1204
9906 3409 1104
4436 1656 4119
8369 99 2287
4157 725 2757
3468 4607 4499
4722 4896 2324
4116 2439 1370
815 7223 1538
1960 2334 491
3403 5107 4740
7220 2909 3064
3720 1753 1078
3445 1309 1508
3099 8920 4859
8103 5978 1055
7376 3209 1470
7774 5844 3895
9809 7719 1235
4611 1633 668
8144 4288 2642
589 7183 4639
3264 7292 3641
3438 6054 3031
3696 2112 546
7814 5098 612
9428 9395 1618
2785 3411 1213
2582 5535 3768
7633 5288 2457
650 3271 1920
462 9115 3512
7740 9889 1467
3185 7508 714
1683 6540 4386
3790 5923 3676
4214 7519 1011
2013 8341 1054
2027 5343 2628
5707 1166 211
8597 7392 2709
9480 4548 3045
7203 3203 3084
2227 614 2139
7177 7724 3519
6322 2804 1730
488 9788 4609
6358 5478 738
1318 6920 2706
8543 9560 3413
6725 3070 4266
1691 2407 3753
6008 512 1481
2469 4982 114
942 7738 1859
7347 371 4222
3493 3357 3957
8939 103 2021
3498 2934 766
192 3208 3792
6659 1015 3935
9906 4872 891
1824 6553 4259
5968 1701 4889
7559 7083 1270
5738 1418 1064
5093 9328 4288
1263 6940 38
1367 4598 397
1794 1718 1018
9752 9658 3247
740 4578 2244
1969 5954 2018
5328 8940 4067
9618 6448 2466
4625 9172 131
7783 8216 2786
6815 9716 1501
5233 2345 565
2237 5511 4014
5966 738 4508
8349 1906 4569
4779 2535 1826
7583 9364 2488
611 4376 3229
8013 7474 4714
1454 364 2142
8672 7432 4616
4965 772 1606
8600 3853 3558
3934 5473 3636
8741 1608 1710
1272 2609 341
9652 9496 343
140 9707 4888
9689 2519 2562
1889 4918 4964
3696 7955 793
5909 1691 2497
8112 9643 2481
3128 2507 2737
9925 8293 753
6921 1903 67
6885 4534 3897
111 9675 3279
3865 6946 4209
9970 9155 469
5675 3785 1080
5352 8719 4921
9198 4302 2309
7552 8986 4546
314 955 758
6658 8754 2795
317 5949 4545
4312 9142 1102
4782 1888 2727
3985 5247 2772
5816 4857 231
7399 5911 3318
6141 5367 3302
3351 3572 4024
3391 9422 1030
8836 1753 2204
2065 3011 1334
2361 5500 3065
9972 6409 4199
7334 286 2195
576 4409 4388
1414 5105 2032
4685 4376 897
2758 4660 688
6392 363 3743
5289 807 1116
6612 2143 4037
5087 5718 4485
9664 8505 1233
7687 5522 2536
800 7790 3319
6484 3952 394
9237 6936 1720
9426 6832 3366
9920 1185 3412
5832 5581 4959
2454 990 4706
7742 4788 4862
8510 7335 1026
759 9053 3334
2463 9335 302
7218 5453 851
2631 9012 2094
4247 267 4744
3601 3213 4971
4056 9364 55
4331 2450 2577
632 4029 591
2030 5417 2669
8943 4345 2951
1952 8807 2376
419 6926 2858
9994 3494 1841
7999 1657 3751
5390 5727 4816
7870 5281 2075
7823 4438 1593
5813 5629 4824
6383 8671 4962
3466 2438 1613
3563 9628 4431
9045 2695 3775
6980 240 2545
1604 900 571
3235 7327 4768
241 7125 1958
7264 3754 890
4222 5693 4596
9781 4301 4291
9755 4735 4947
7629 4536 1399
7660 7107 919
346 484 1682
7198 1187 2919
1414 4597 1596
6018 9166 3000
4025 8455 4563
6602 203 3355
351 1439 2317
1711 1748 3683
4484 3650 4703
8460 6249 4392
522 4591 4300
3191 3390 3394
3057 9177 4062
6059 9388 1377
3085 8077 2800
6171 9144 3033
3596 1302 3601
3522 3447 943
8716 8022 377
2496 211 1953
2170 1675 3263
9365 4814 3021
145 8325 2864
9881 2290 154
880 4282 2916
1367 249 3365
9406 356 4299
8908 7870 3419
7861 882 2094
1350 9399 80
1770 4289 3040
2621 7542 3399
1390 725 4934
4666 512 4412
8177 7641 3525
6518 9731 3733
2429 8844 4714
3227 3994 2992
8250 7211 3594
2766 440 585
1333 398 919
1070 3488 2736
4508 7098 4415
3190 5766 192
3202 3886 4570
4675 3003 425
6462 3989 3281
877 5407 3338
1242 8910 4207
3591 441 3319
8653 281 3398
4926 1049 3455
1387 1584 1532
7681 2107 4259
3434 3976 2945
1816 8914 4168
7032 3807 2178
2541 4650 797
6217 1677 3267
9459 7914 1175
9984 8476 2799
1782 7261 4584
977 1265 1885
7620 6628 2467
20 6305 4804
341 1416 138
8522 6597 762
1757 4743 1475
8784 4597 4336
2256 4859 1786
9201 6661 1519
1205 4990 2935
9430 585 2180
7474 4926 3301
9315 3928 1256
4696 7789 3882
8534 8251 2818
7579 8230 3923
7219 3018 4773
2798 2135 2118
149 7288 1057
8358 7852 1390
8718 3590 3809
1961 2069 3278
3247 1558 1385
4523 8914 1525
7023 5933 2568
4405 9908 2711
5559 6736 1359
6425 3619 2050
685 3222 404
8754 4205 4998
3139 7373 4881
5353 3838 585
1791 5857 2578
52 8278 2321
2941 1880 3982
5694 2232 2427
4642 9851 2137
4773 6333 1880
5334 6468 51
7322 8907 1434
5329 3616 3732
569 8026 3422
4884 3445 683
6533 5380 4143
9717 5688 3007
6539 832 3411
2512 841 4342
5200 6765 2872
6806 7213 1771
2069 1033 4373
6988 9019 2575
1666 6416 3481
2254 3160 4120
6118 7479 279
1391 1585 1563
3527 6273 2385
8445 8119 3778
7941 9637 32
7532 7128 1656
2522 8041 600
7113 3550 4677
5633 2803 690
1402 473 4947
6134 9364 1112
993 4437 3360
7975 1858 1354
215 6678 4769
5652 4686 140
2549 2185 587
4818 4524 442
8605 1254 2862
1272 2424 4027
2 7493 551
5151 912 1282
1082 3729 2258
2167 7852 508
26 9048 2236
9867 506 2127
8399 6438 1824
8594 6983 1383
4722 1925 3549
3337 9373 1289
9507 3035 2041
4985 9626 241
335 2251 3474
906 4155 2817
1820 1405 886
6667 5335 2860
6353 9765 1481
2960 6548 185
8258 3285 3467
5682 7809 4456
5044 1439 866
44 1343 1072
5789 3129 3184
3452 9922 2249
4732 4524 3235
7308 9144 3271
9729 9021 2327
5744 9717 480
779 779 3066
6627 1589 2596
9246 2486 727
4337 3722 3202
4761 7713 2295
4739 9862 744
6141 7930 1367
8978 9860 1242
9303 8794 4662
5051 2887 3114
3224 658 4132
8738 4152 3978
1007 7410 3216
4765 7974 3579
2318 9779 3276
1130 9982 4597
2471 1183 472
4173 1831 3713
9643 1446 3739
4346 2226 2715
1434 5145 2814
6296 1237 2613
6274 8226 730
1551 3615 1700
2527 7623 3
1626 6862 485
3113 2018 1849
9055 4554 4965
5737 6744 960
9647 8938 622
2236 3276 3509
6231 1971 4659
3483 2807 3425
9772 7934 4532
3415 6113 4861
1090 7937 3851
6477 2423 3730
4054 4339 3138
3160 197 3555
436 9875 2943
8384 6343 447
2445 5188 854
5721 1751 2213
1650 8604 2764
8714 3672 121
920 1098 2478
4218 630 4643
1116 1681 4210
1778 4247 502
2972 9563 871
8094 3999 213
8219 3052 3045
1057 7867 2842
2536 7562 184
8157 4255 408
9649 2030 2900
1149 4760 4218
1101 8543 2569
3377 3774 347
7951 5065 1099
9862 5411 2564
6523 67 3648
7424 2619 3052
9510 8250 3738
2472 6965 3803
477 5209 27
339 8212 4771
5121 7915 1729
268 8358 306
1493 5231 546
4002 4213 1470
5007 7444 1450
3356 585 95
5006 4222 4231
3816 2620 453
4198 7789 111
8945 4369 2534
280 395 3530
3352 5421 348
717 3453 437
1090 6125 4897
8553 2047 2595
5604 9261 1891
1827 552 3083
4175 6091 3708
4051 5901 2462
7188 4858 3000
3997 5381 2448
90 6064 1674
6685 9693 210
4042 9603 3436
9860 9269 3650
9230 9547 503
7252 9547 4135
8792 3861 4436
2944 5887 1025
8757 6625 3275
9075 8385 1065
7696 4790 1257
2287 4330 152
1331 1254 2466
9136 8657 1885
4377 2406 4638
1509 4040 1457
7525 2090 986
1298 9013 3337
4241 143 4391
4998 4052 1110
7386 154 1669
3941 3891 2420
231 6583 83
484 624 3722
1872 1428 4524
4907 3674 2711
1497 5271 1400
5290 6923 3039
7623 2364 1453
4065 6881 2676
2244 53 3095
49 722 1791
9555 5923 634
8276 2617 4296
6440 639 3217
5352 5181 655
880 9243 2209
2549 9657 1273
5867 6631 1818
7280 3813 2582
4968 6224 3756
8979 9673 718
8263 6704 3964
492 6999 2387
9655 1114 2009
5712 4488 3894
5532 1976 2352
9279 7988 4000
6685 6172 548
5176 9967 4306
6415 5907 316
166 9065 3157
9425 7473 2003
9636 6958 2334
7630 7443 905
1175 2586 1004
4998 1784 3320
3664 9560 3840
9351 6974 867
6546 1018 3282
9632 6063 2204
2328 2202 2851
415 2152 3390
6095 6180 2987
6082 902 3467
9473 4827 4082
6177 1810 4923
8399 96 1082
6030 5730 3516
5500 3157 3865
1365 1680 3740
1810 7085 3800
9029 4762 1648
1476 8012 28
8409 4023 381
4876 2780 4271
5061 4397 4364
1377 889 111
3696 5265 793
3930 9070 117
486 7345 49
8952 8506 1312
5587 6780 3870
3287 8408 832
8984 6317 3308
4714 3710 3136
8750 1528 1834
3545 2930 3896
4094 3370 2598
2682 4082 4795
9795 5390 4957
6466 4906 926
9893 4726 405
7148 2288 2911
4207 7742 1410
2559 1568 3920
6460 7536 1372
5625 2381 75
7753 4166 887
8672 5065 3564
2788 5073 1852
5657 3549 1113
505 3496 4822
1341 6861 4959
6043 8152 1113
4202 5963 2312
8615 7608 1388
1779 3353 270
2152 6272 3827
5033 3786 4459
9181 4858 1436
8592 8525 64
8803 9757 1152
2542 8328 2408
8357 7971 3205
6077 7704 147
1055 2146 347
6374 6265 2025
1446 3713 2111
1052 9186 1525
8652 1536 2409
7973 3657 4575
5379 3001 2142
1317 5403 3320
7688 623 206
4695 2713 4764
4258 7696 306
3584 957 2865
4002 5286 4329
4449 5119 2362
3025 6590 1705
1397 5801 2335
9635 5996 3218
7539 5659 3423
1917 9169 3316
5297 2493 2474
9069 6793 4881
4997 4180 651
569 6120 1926
937 7068 2617
7781 2049 4702
8951 2403 1041
8970 6585 2760
7447 2268 4274
9684 8813 2471
8399 6486 4686
3666 2928 2331
5517 6984 4779
2284 6638 2566
4891 6382 3429
7892 6542 4828
8473 1925 3050
6462 1634 131
8296 5619 4632
4787 1951 1445
2710 5322 3498
5975 8039 121
4841 8524 561
9235 8940 2087
3924 2083 3778
6247 4095 1419
5847 8602 4612
3884 7783 4958
4676 1937 1627
8267 1345 4784
9805 9109 1047
732 4739 384
7630 1919 1065
196 6034 3005
9975 9834 1223
4826 8086 352
2476 7582 1829
5382 2187 3251
4964 7815 2065
4159 7630 760
304 3619 3044
5585 948 4712
4642 3651 3924
5294 6599 826
2575 9812 4399
3972 1057 4844
3400 1247 4582
6067 9927 1917
2775 6383 4692
1868 1683 3850
2379 5520 97
8210 2539 1769
2654 5845 2813
5237 7172 2773
6139 6492 3480
352 1113 2902
9025 6887 2514
5612 5567 162
8753 4295 3392
3170 5626 890
622 533 1734
9502 8843 3008
4549 6622 3445
7204 3521 1711
3178 6663 1921
4405 9217 4799
5419 2691 3833
6330 4978 2865
6012 8844 2919
5430 850 336
2087 5413 4957
7197 8189 1093
6068 9302 3065
2953 6996 3828
2102 3907 800
2196 8878 1733
5322 4137 2179
2153 632 3004
8005 5005 1212
5900 9014 2476
5300 1938 3107
1359 5350 458
4991 4680 590
7507 227 2319
805 7495 2951
8248 8834 2997
1734 6008 4999
184 6151 2730
561 8561 4638
3425 8379 2622
5736 1058 4278
2907 5276 4213
1231 5303 114
9634 9475 1057
4700 5868 3915
1684 9266 2018
2345 2804 1129
5311 1061 3503
169 9558 2445
2501 4120 2037
7744 2608 525
7570 1994 1898
2879 7750 2688
8788 9408 3439
6815 825 538
9841 8421 1798
9255 7670 3564
2627 4642 545
3547 8997 2530
3671 3869 4213
2323 792 628
4372 4108 4891
910 1457 4083
6186 2444 553
6163 5366 3500
166 471 3480
3141 7147 490
4864 192 1921
9041 5981 2769
2088 880 963
9424 6263 1068
7143 5512 4525
5280 445 4627
3619 5949 27
4230 7367 3924
8226 3125 4420
2861 8771 4414
8802 652 1289
9845 1797 584
4810 1143 4535
6740 8649 658
6844 920 2425
5153 9594 4134
6951 6696 438
4520 9291 1957
9931 1692 4661
5887 1494 2879
447 157 365
8035 1742 106
5441 7026 143
9968 1145 2766
4826 853 603
3098 7354 2356
4332 4995 750
706 7110 639
3957 6360 2979
9453 5313 3536
2397 5003 602
7280 8308 4334
4926 4027 4991
2105 573 2620
1170 3024 3289
9624 9760 3243
8769 5707 1284
7143 4899 1762
5105 6976 3035
1566 4732 2366
5465 1484 2439
6119 5977 3933
8228 8064 2192
6630 1398 433
1586 7212 944
9402 3428 2981
2211 7291 3424
2093 1216 3323
9833 8282 1979
9050 2282 2300
9913 6817 686
2924 1126 3519
4731 8585 1251
9950 8688 70
8436 939 4652
9089 4369 198
4328 6797 315
5587 9913 530
3229 1398 373
7418 1396 4632
7437 6621 3906
7139 9666 1450
9123 6395 4506
7042 8041 1919
118 8395 4939
7629 3107 1837
168 2137 1093
8963 5826 1827
3150 3320 1460
4152 9834 1846
3738 7357 4379
9236 3739 2413
9234 8249 4961
6677 9296 616
1679 2030 4297
2279 4764 4731
8702 8475 4246
3752 9219 3686
3124 2152 1885
2699 4007 4135
7187 6305 2356
2806 3173 4292
8039 6855 2532
1196 9533 2826
1799 1102 4600
9645 9193 839
6857 8918 809
6305 8651 4292
5591 7401 2055
5053 5313 3813
1814 2906 4278
9892 4288 916
5478 8051 4959
3732 8725 1618
9128 4214 4165
4455 9163 603
2097 4451 3142
3308 7231 1832
931 2569 3169
5261 4419 4409
2962 2485 4016
6290 2853 180
8341 3280 470
9645 3420 884
4196 8440 4143
8842 260 3659
8759 3739 1380
4384 5504 1431
6839 7749 3721
374 658 993
4000 6707 2702
256 3091 4747
4407 3759 2190
2795 9591 1300
2730 1677 1298
3085 4189 398
3811 588 2165
6674 3662 2933
7764 3300 997
1911 3552 1828
6338 5743 980
5061 9504 1707
4769 1041 3309
4038 7615 3092
3147 5516 1826
5918 1333 3280
3691 1587 2513
1476 7436 2641
9013 7751 2209
6163 2806 4376
5517 384 2913
8124 8868 2719
6395 5840 968
4079 7923 4063
2536 9758 141
2101 5160 3706
7751 8814 2471
992 9873 1320
249 7455 1039
3791 4286 2755
618 3460 1245
3801 8308 4880
563 5485 3927
9425 6897 4466
6690 3975 4730
187 5917 1713
8646 3876 3792
6398 2655 4082
6172 9477 4269
7031 5766 4208
9200 4908 3093
1505 1840 4466
627 4726 4551
9197 6765 3257
2414 2782 747
9004 7921 3812
9359 7063 2694
3873 9349 1522
7922 2325 649
5283 6609 455
5801 7853 2795
4300 341 662
5658 5635 4571
2435 7488 3683
2423 9545 885
7356 1249 1287
7618 4238 393
1465 7207 4246
6383 3615 2880
9626 9298 1371
4605 4129 3556
8018 4074 331
8216 8402 3168
4580 86 1722
4104 9048 1372
5705 8781 3347
8803 1874 1783
5377 2682 2811
4912 3937 1712
1409 2241 1659
4968 8328 178
8369 3270 3936
3021 5731 283
9583 8027 2034
2497 2199 3981
8491 1045 4310
4514 3996 2823
4811 6985 4847
9326 8164 4369
9309 6630 4985
5387 3803 2209
8629 7557 730
4745 9934 2014
2692 1942 3597
4579 150 2666
7249 7961 3290
2225 8275 938
5301 3329 2591
7825 6888 360
9449 6370 1830
9500 7754 199
7318 1434 1167
8852 9558 9
1432 2399 4504
6943 4158 4903
5478 7875 3222
4333 6622 3362
641 7256 1135
6992 4965 4638
7686 7370 2097
7676 6745 1837
1699 6015 3020
4630 5270 1109
7116 5661 214
9971 402 4389
6384 7861 939
2303 3 1899
5797 5198 683
34 547 1993
9376 4420 1981
2126 4898 4364
1123 9489 534
81 1756 3498
3513 9160 1541
9061 4471 1072
4662 7687 3965
3224 8680 2420
78 4595 3891
3682 8043 2705
4883 2513 2696
6332 7781 75
1188 2134 2586
7446 8869 4860
421 7873 1517
3380 4140 3453
873 4025 767
4209 8069 1813
107 1683 3657
235 7189 4104
9925 935 3665
4829 2632 3860
979 7203 2161
6685 2874 1706
8134 342 2271
1334 5104 1937
9273 830 3955
809 4083 126
8298 662 2182
4885 5818 1125
4757 435 3873
9507 461 1087
5806 4633 3281
8162 7488 3831
8108 1572 2153
8906 6391 4465
8372 6718 201
4767 9001 858
8055 7490 1018
2499 2543 3937
2465 1919 3726
9040 3483 4730
5799 9127 4610
7989 3905 3662
1554 1303 453
4504 8401 889
8877 9811 3044
7875 2578 423
6223 9667 603
58 7408 4813
2294 917 3800
6047 7837 2863
5506 3428 2788
1590 1681 4566
8652 8829 2310
4516 204 1183
5012 2885 949
113 337 4986
7016 6542 443
4963 5222 1446
3324 6941 4300
9003 6844 3735
2702 1856 2824
4644 4240 1427
1659 4162 1821
4902 5046 4119
4913 9583 4358
7672 7292 2784
8621 4974 3739
3509 1948 4509
9790 1619 2472
1081 7935 4889
9027 3966 4630
3143 1155 1808
7396 6902 167
9797 8685 2891
1116 9822 1184
5282 4489 1035
4248 6610 43
5010 5590 1784
7868 9417 2442
2020 5334 2305
8681 7108 4419
1135 9694 4192
7304 8372 810
5648 1542 1352
422 510 1391
6961 2663 3566
5557 130 2007
6383 5549 1873
6618 8121 1137
294 9860 3881
2504 1329 1007
7352 4001 3506
7719 6114 4930
8598 5265 141
902 5200 1524
6814 19 3330
3802 3313 1543
9930 7213 1529
667 6469 4448
2157 7536 1798
1748 2769 2875
9264 1029 1709
8738 2243 1687
8482 986 3288
4131 1504 2119
8795 6951 1621
1868 180 33
3999 513 539
545 7874 1248
6523 1163 4358
2975 9901 3614
3501 7039 1263
6378 8285 3987
3330 5007 3798
6888 758 1856
9421 513 1043
7393 4057 3690
7485 5819 3679
7269 3739 542
4564 2724 4884
8556 5577 2098
5817 4226 1417
2395 4081 4862
6455 2771 471
932 2952 3515
1648 9390 3886
2118 2332 2696
1104 5820 2979
4030 5065 3743
9490 6817 3093
4610 8788 1001
8925 7119 1317
2244 9595 3344
7524 5972 4304
7186 7979 3895
5793 2464 3966
31 8702 4690
6356 1327 3
9118 2847 2701
9338 8733 788
8747 2925 2199
5350 6629 3927
3010 5876 3208
1817 3352 4705
4751 8096 2964
7411 7279 4546
7901 9145 2738
3538 70 903
8501 9058 1560
5885 4508 3284
4068 8932 3095
912 9802 3627
9600 2816 801
6150 7276 2617
4876 887 77
1819 7827 786
2466 1547 3319
5537 3102 1048
2155 4972 2735
3879 7498 544
2248 5315 4439
612 2905 4586
129 2159 1909
4967 3016 1457
9396 3554 898
402 1964 1755
9906 8769 4783
4220 3173 3723
6079 9702 4867
2611 3731 1376
275 6423 787
4293 9048 4552
9155 3655 1027
3974 7859 3372
8354 259 166
9229 8715 1839
4588 5588 3693
4641 1811 1071
2645 3063 4971
4649 6622 3499
3869 5317 4682
9282 1521 1319
3671 2969 4261
3221 5716 1860
3252 8643 2480
6603 5698 2762
8699 7039 4210
596 9929 2362
4452 2467 509
3399 2168 2323
5266 2160 3005
6371 5703 1702
3069 8203 3635
987 6365 1039
3944 5285 4412
6198 1518 279
6401 1188 3462
8607 6601 32
5715 8933 198
173 8260 4923
8184 9400 240
6364 8980 2840
1885 9926 1794
3483 2093 3895
2965 6090 1321
9257 8462 3712
6437 4973 4566
8500 3113 4197
9547 2962 1795
4532 1502 4744
1987 2755 651
5430 9654 3146
5843 1623 4027
8032 3979 3484
3864 4457 4988
1997 9042 3411
9470 6977 4316
390 9179 1601
5360 6331 313
1481 4518 4173
538 1627 421
7296 2728 1197
7341 2341 376
97 8883 3826
7345 1684 1797
1273 9011 4948
5620 5433 3526
2216 3979 3785
7187 5614 2748
3471 2771 1976
9388 887 3808
9665 776 3391
8181 6182 3806
5327 1601 1976
6224 5082 3611
8263 7041 4071
4803 6686 1698
863 6959 1048
3172 5884 3429
5847 4884 509
4660 2424 1729
100 2131 3073
3425 5600 971
699 9869 2321
31 7347 4028
6705 2478 4616
4328 334 4582
9415 3552 1983
6540 5473 3898
5896 9229 3353
272 9840 4085
3846 489 3212
1616 5668 2982
7869 8006 4984
7536 4409 557
4324 5162 777
937 1542 2349
3487 402 36
9693 4703 4658
8276 3676 4036
6515 8632 3123
5156 5124 2395
1075 7688 3609
836 1038 1080
778 5651 3109
9039 5172 3127
6528 467 3166
6287 5049 4991
4844 5045 1335
8242 9788 3078
1585 8902 1386
7474 7511 4470
6006 5745 2202
4075 4307 354
6528 4124 583
3852 7562 591
4858 6184 1844
5427 5302 3119
5988 662 79
3647 2139 3475
3114 6669 4855
2409 1807 612
6883 6588 144
287 4465 4372
2118 1799 2050
1588 6133 262
4692 1425 4903
8703 8633 2269
5451 3178 4040
8132 1520 3288
672 721 695
3343 9803 1882
325 7411 311
5075 1826 3112
4675 5420 1599
2575 155 4378
1173 2775 2372
9162 9581 4627
5189 1204 1059
8557 6793 2847
7393 6419 1451
3121 3103 4519
1557 9133 575
4668 2738 338
9093 4273 3187
3035 3907 2517
3209 3088 2235
1103 5974 3270
6865 435 171
6581 3141 1452
8221 8498 4641
4385 4742 3462
1690 2049 1588
261 7642 4231
8497 9012 4516
3461 300 4465
3971 8171 4312
9248 2412 1587
3104 7018 4825
2622 6912 1367
3507 6726 3852
5307 8550 2864
6604 6810 49
403 78 2783
7376 7221 1436
5164 8144 2535
9915 859 4043
7880 276 888
7699 2444 2055
3899 1563 3374
5372 2596 3985
3361 2839 2529
5392 2758 3883
3222 6229 3652
773 4635 4097
4082 9419 2829
7781 1944 1897
5509 236 3356
9648 4420 2992
882 424 2956
2546 6648 1175
4478 252 2775
7897 4102 49
9421 3069 1604
2174 140 1306
2275 9525 2657
2416 7078 3445
3912 2578 1104
7156 3573 2971
7296 2162 2218
4023 9138 4182
1180 3734 3420
521 5437 4394
7627 2816 4660
1843 9835 2459
7907 4685 2661
8449 1919 1299
5476 5432 15
1661 4111 4379
9852 499 3322
7957 4345 1239
8532 5520 538
8362 3724 1289
8065 6314 1532
348 4562 1895
8654 5142 827
1248 4100 3664
9704 4855 4974
2586 2273 654
9130 188 4369
3058 4084 1818
6078 4845 2455
7836 8930 3797
3568 438 3107
5753 5514 2339
9871 5122 2706
2648 2469 669
1008 372 1245
7211 7080 2413
3786 5431 2143
6561 169 1916
8079 3355 1707
7946 3146 655
3440 1525 4895
6001 872 4144
6481 5286 2651
7621 6684 1249
9038 3810 4716
2541 4603 3890
3148 3723 1806
9611 4575 3526
7230 2762 3810
1555 5978 3761
3315 5440 2715
197 4998 1841
1559 45 863
6253 8328 1369
4320 3188 225
7383 7008 4802
4237 748 1889
5385 5562 548
1507 6832 2849
3994 1366 2221
4086 5809 2126
9182 8899 3242
5511 2933 54
4488 6651 4060
3562 1809 3208
2892 3650 2559
3515 4453 4581
5460 2511 738
4721 8115 459
6356 1662 2130
1116 2897 2479
5155 335 3591
6299 4240 619
9173 6243 3940
8517 54 562
8072 9987 677
6291 2670 4353
1872 2412 1539
2281 151 3877
4157 8949 2057
7936 1576 3058
1438 1300 3500
3356 2283 1586
7817 2594 1321
6951 3808 1625
6371 2025 1732
5515 9510 2227
3273 8637 3952
6505 360 3915
1596 707 4359
5346 8062 624
3536 4347 1040
1280 5860 1367
696 3278 3553
9782 5483 399
5176 5295 2518
9353 8503 2169
1677 4835 380
6302 957 3100
4404 6415 2870
8050 3417 2875
8231 8831 1840
1510 9473 4830
5354 6602 900
9789 6115 2559
7836 2101 2997
2094 4729 2369
7436 8809 1879
4806 4420 695
6148 1818 1980
2725 4606 1088
1408 9992 3757
537 2122 4578
9863 3018 776
740 3033 3098
8361 7496 774
26 1888 2645
3726 4482 3830
1084 625 2243
3000 484 1820
1928 2772 364
2190 3215 1448
2540 3290 4363
4382 8177 2669
6670 7933 2404
454 8232 924
7512 9887 2559
8708 6089 1005
1849 6731 1478
7184 7514 2040
3946 1674 2102
6535 8380 2496
2987 4840 1275
6671 4647 2799
374 4340 3353
5685 7246 3749
6183 8394 4366
6168 8119 4672
5707 2136 3678
8479 2287 919
7031 6252 71
8724 5434 4582
3877 8077 90
2831 5322 911
4551 4144 3438
5388 4028 1377
6155 1216 1736
9297 6153 4021
5777 7777 37
1187 2327 2901
2243 4480 1160
524 9497 2753
8474 2011 2301
4538 6419 1016
2566 6628 2092
171 2587 4630
6802 8018 2736
7033 5573 3084
8583 3748 3396
5228 852 3830
7174 9706 3565
4679 2816 2462
6470 554 4339
4657 8298 3970
297 9785 1891
1644 7305 1289
5512 4037 2242
5504 2846 3139
5447 6350 358
9008 9558 171
8419 2415 3010
9010 4805 2072
1756 4978 4858
1287 5244 3556
5967 7755 2983
8909 3482 2667
8144 6177 3895
1042 5416 3283
9075 6924 1334
4103 2363 1168
4029 1076 1039
7768 1299 4196
7988 5504 1110
5837 3027 3544
8090 9004 1227
4774 8583 3873
4131 7975 2663
1671 799 1209
2596 5059 4391
350 7041 3789
8727 9837 2618
3554 4592 4915
1941 931 1212
6196 5045 3263
4990 8279 678
1158 798 1613
8736 4040 1065
3381 2620 3067
4847 6442 2697
7081 2762 2879
3120 2975 3638
7250 619 2293
2389 7761 3167
6061 2376 4198
5630 1202 2743
7742 2819 3690
9937 1584 4497
6108 8923 3304
4072 9900 983
9243 3500 3910
4699 7266 924
3724 9906 2370
85 4711 4489
3920 3771 697
8733 2834 1389
5566 3830 1623
3303 513 2063
7079 726 2806
1001 7948 642
3139 704 3967
9701 9364 4127
6379 9397 2348
5493 4272 1051
3029 6728 2349
9151 6628 3493
5906 5082 1841
2335 8424 2832
3698 6035 1388
4915 7889 440
4173 5383 2322
7259 7179 1828
4145 1549 4207
5020 6667 2355
9985 5295 552
1796 4726 422
4649 4870 2284
9502 369 1281
2277 8751 4732
3183 7402 823
3698 2088 456
8385 4434 20
340 9910 546
6701 1469 2094
273 3174 4359
8978 7242 762
9082 1081 1162
4954 1029 3060
9263 1787 1715
344 4179 4099
1309 7464 4021
8469 6943 4552
3413 1063 4676
8291 5385 1711
4227 3398 4183
5436 2438 4184
6276 984 90
1743 4507 3040
9255 7545 2052
1420 1278 3533
3660 459 3291
1339 3034 2057
7092 8109 3614
8029 4688 3844
2587 8930 4990
2216 257 2485
2913 6622 4892
5711 6629 285
1679 2503 4346
6660 546 2160
8705 9503 541
6856 3433 4673
1910 2928 1873
3006 1262 3814
2978 9792 4645
2057 1248 490
3294 3939 130
4997 1907 190
3447 1756 2886
296 1910 3650
6682 3304 223
6047 7131 3962
3505 7853 4426
1300 9602 3944
3188 3834 4279
2294 4916 1356
4425 4632 2224
7580 3142 616
892 2852 3027
6144 7894 506
7030 247 3243
1303 2485 848
8148 9648 978
7444 1881 4050
4376 6086 1924
7018 1397 899
2914 7888 3979
3374 3640 1380
823 9303 4665
4260 1731 1014
2754 5068 1
3384 2079 1887
7514 3181 443
5259 4127 488
7527 7720 4588
5462 685 3760
8903 7786 4957
3283 6445 1255
7665 6368 3962
9614 6151 1011
590 8650 3828
2684 679 4176
502 7542 3889
2914 9485 2135
2729 8498 3663
1819 5156 2675
946 5041 1940
6472 3151 4718
9302 9895 1625
5350 7503 2619
1099 1856 2321
8714 9546 2058
8868 9538 1127
5879 135 2472
2179 2688 3316
4791 1105 3044
9926 7754 993
1881 699 4352
7488 5556 4583
5154 4201 4849
9832 4536 4051
6165 3598 3764
161 9789 2405
7352 3679 1283
6967 7041 4020
924 9878 631
2762 4050 2062
4657 342 1526
5024 8215 1387
1565 6718 4492
7981 2412 3903
481 4052 3476
4865 78 2883
4417 2100 1955
6813 9101 120
8747 7744 2564
5686 6097 703
1598 3532 4956
7097 3063 2701
4066 7372 4096
8325 5237 1222
2101 934 2586
2192 901 4841
4896 3352 2423
3919 7809 2549
6141 3784 15
9622 8312 1863
4745 6338 4960
7504 9485 1727
8678 6274 228
381 9138 3694
8761 2127 319
6140 5254 2108
7996 1136 2152
271 8143 4511
6189 6612 644
5091 7415 2234
9927 8737 1849
9700 4445 647
3029 5657 452
5694 2627 1378
7463 6032 2143
7788 9806 2545
6310 8274 1264
7057 4311 1856
8521 3697 4757
7735 9386 2742
6934 1787 452
5058 7957 1482
2347 4580 872
2635 3440 3311
5311 4925 4970
4204 9571 2342
9531 216 3131
1629 9739 753
1464 6291 4280
5122 8834 3681
9747 5757 781
2500 7455 1621
4952 739 4250
8741 3763 2860
7128 5671 1080
4853 5048 2015
3102 1803 2981
9856 3306 2634
3996 3726 3720
6065 4478 4677
220 3151 732
6693 210 476
83 8453 2923
249 609 3861
6245 6555 4655
8654 5691 4908
6013 2045 2880
9335 5774 1194
1051 4374 3778
4373 9115 624
449 5404 284
5937 3455 4379
651 9897 871
3325 3843 584
6449 4447 974
8488 7761 3344
2635 3194 1218
9711 2032 4401
3733 8853 4577
698 3254 2197
5740 8813 4307
4787 7891 1932
2072 6149 4260
1513 3695 10
2536 742 2371
9411 4237 2934
2069 1333 4056
3666 2325 1235
877 5880 2667
4660 2896 3465
3524 1519 2859
9015 417 3840
161 8908 4083
6993 6609 195
1281 4212 4535
9900 2751 1890
6410 648 557
1015 3865 4227
7903 5354 410
7714 2986 1595
1665 6725 3518
8617 8732 877
5455 5937 2343
6328 6046 1408
8098 8165 2963
8673 101 1061
2743 3742 1539
5672 453 1344
7688 3471 335
7747 429 1921
5217 4477 3047
1972 8693 1892
7091 822 2600
1175 3243 4860
594 9106 2126
2472 1057 2991
9304 9788 337
9802 9610 3513
8460 8773 3505
7881 7496 3314
8502 7700 4649
188 9330 1176
7126 1827 4980
9486 7201 2912
6171 9511 2932
8891 8277 4451
145 6616 809
5417 3817 2648
7910 8504 4714
3273 5695 92
7613 5429 2915
5901 1401 2064
7660 5948 1722
7638 5147 27
7686 6696 113
2634 4516 328
4026 6224 1210
1415 1889 1096
3006 8509 1124
2574 3876 4181
1463 127 2383
5880 7905 3040
7359 2181 4459
381 1202 3505
3988 3103 572
3161 7428 344
4487 6825 1197
5788 7660 1480
4610 503 3122
243 424 1473
4711 5308 814
9727 4254 2922
7475 3455 258
5899 1383 2613
4161 4886 4485
3760 475 4379
9156 2561 1535
6175 3555 3473
1593 9793 4585
2096 4305 2691
8296 9113 4050
959 759 1334
7023 3518 88
2570 5997 777
5100 7502 3211
8758 7805 4191
9371 9589 1180
9378 8677 1221
7270 3616 1111
1312 3 757
8172 3666 3592
671 8364 3847
8798 7522 2365
425 1267 4919
2969 9150 2679
3178 5168 2806
9623 6606 3525
940 3059 4218
6528 2178 2582
7917 4657 764
941 8430 1145
8283 2362 4315
9622 1192 1766
7753 6548 2072
3160 1343 3491
8829 6681 1116
3025 2303 2460
3649 2129 4756
5588 9022 2113
6674 797 310
3536 9518 3522
4345 3010 576
8923 5893 885
2589 8707 930
4987 1376 2213
4728 7744 1066
6702 6461 3986
1410 2334 3748
9587 7124 4306
8263 1083 4250
932 3286 2814
9947 7924 2246
6891 149 1069
5466 1147 2553
3626 6781 1570
5573 8412 2810
9725 3031 2804
6301 6667 2995
8507 9 1525
7724 6777 1065
3672 4154 911
1077 7481 4424
3210 9687 288
9227 6698 472
6669 6479 4593
3019 6078 2992
3198 3517 544
4006 9667 1611
200 2817 4553
1253 8132 2986
5902 212 2852
9384 3188 201
9872 4467 780
2091 5060 4574
1448 9745 4987
2237 8840 692
5077 2305 2542
282 1297 4386
2866 418 4305
672 6415 2403
2595 8189 3273
7258 9543 2466
3174 8180 4682
3029 3902 754
6159 9078 2223
9498 7148 205
7246 8229 3813
9692 1611 2926
3504 7005 1125
7734 7092 3676
266 8045 3842
8236 3590 4636
7488 2951 3465
9434 7558 590
3518 1958 2968
2529 810 3860
8727 1582 1023
9537 3676 4303
1884 6257 2559
3435 7365 4195
2875 3143 1784
4947 1603 1907
7840 5005 97
4594 2539 2990
3820 1005 931
8168 4807 1953
6484 502 921
5341 1814 3263
9819 1135 732
9337 7180 1166
7750 3879 3449
830 9 275
4338 4836 1735
8970 4404 1905
853 2094 1668
4438 1239 2444
4109 6524 602
8240 6070 64
7381 6613 1470
8164 8729 225
5523 5874 157
7987 1127 4062
8658 2314 3171
4322 1074 110
6375 9711 1438
3818 7164 3252
6792 3086 3748
7773 4205 233
5163 2052 4959
2737 5911 935
8438 9656 1777
3075 1939 2302
4985 9372 2334
714 8210 3899
2902 6969 2612
3219 496 4625
1100 7163 1240
1729 294 2964
1354 1131 2812
1425 4640 4538
8445 5638 3883
1585 7353 3846
3882 2882 1964
648 2259 2363
861 1319 2607
2799 9730 1488
8926 3692 579
7981 6569 3621
4745 7371 301
9546 4515 3378
5470 6442 2053
9333 7677 4033
2583 1923 4634
7240 87 1187
5850 408 447
4065 2180 4104
1251 4148 4885
4179 3793 1169
9851 7625 1553
536 1049 3810
847 3701 824
7996 5394 1205
838 2215 2149
6414 9655 1319
4742 6805 4197
6134 529 3377
3646 5872 1759
3579 2522 313
441 5296 3823
9454 7827 2973
9511 6766 3408
1445 695 2675
6072 3039 2589
1564 3726 3139
8809 439 3229
2256 1832 1971
3907 8663 3392
4162 2416 1327
8238 9187 4940
9370 3376 7
7370 3130 2010
5351 7452 1755
8836 2688 2284
6756 6012 3941
5027 3697 2861
1314 3201 416
2170 325 3561
8484 7096 4093
8464 823 1961
4796 4327 1847
1376 5816 3938
6092 7928 2819
9465 3406 4531
7787 2643 4662
3863 6435 3929
2654 5267 3518
4313 965 525
5168 7558 183
2862 2245 4232
9515 2921 2439
4517 251 188
8946 2685 2441
5148 1480 47
9743 1651 303
3923 6277 402
5312 3882 552
6886 6299 2168
5698 1104 3800
4809 3708 514
1639 6562 4241
4843 5314 788
5813 3245 2563
8141 232 3982
3310 2982 3378
339 9638 2756
9540 2272 182
3843 4981 2167
4710 2947 2943
8383 2953 2442
1171 511 3898
78 6640 3517
5075 8286 115
9122 6160 3673
570 5712 408
6803 7457 3039
6365 7592 4832
3645 332 2084
5994 6772 380
1578 9741 4964
8307 2741 783
1770 9339 3420
2739 4610 4572
1066 4325 2194
5655 7842 1022
6533 8315 3307
9453 9537 1978
4944 3304 3394
3682 5201 269
8155 316 39
6224 8669 551
4608 7838 2987
3471 1707 2938
6785 6793 522
8774 6569 4341
3699 3896 1211
2943 4762 1831
9752 3787 535
255 9552 106
7731 6617 2218
2290 2330 2002
4549 1981 3186
8690 9097 3462
2564 9338 197
1200 7484 1567
8395 4762 1000
2161 2745 4982
1822 4163 4475
6442 1048 2198
7389 419 4374
5469 8610 2880
62 78 2018
9937 1335 1844
7699 5641 3987
6723 7477 2455
4975 1600 4188
325 6011 3404
9590 4304 3883
7313 3667 2416
8591 2429 2718
5880 3557 1999
6631 789 960
6193 6473 4387
5741 1574 425
5200 6033 3557
7854 9021 1620
2661 9438 426
5221 4142 122
6249 1949 2022
9009 698 1443
9 187 4004
2086 3065 3081
4517 4952 1647
1277 297 1532
2331 2562 2046
1630 27 2976
1034 9538 297
2509 8083 3073
5753 9888 2497
5966 1366 2423
5170 1929 3795
8818 1601 4841
4580 8679 1573
6614 8089 1684
4146 8750 449
4256 8060 1343
6487 8836 404
5713 1749 3038
8731 8166 614
8015 7678 1765
5963 6367 3444
3834 1159 3615
1644 9325 4742
9353 8951 4619
5155 5330 3748
7626 1599 1041
3612 7752 1193
8648 714 1199
8973 7598 4113
8749 2411 4637
2927 1106 4949
6838 8458 3198
7366 2283 1324
1527 1757 1350
6546 5622 661
2753 4090 3868
5352 4161 1525
2778 7482 4620
3949 3166 330
490 4072 3132
1188 8619 513
7619 4679 3869
2333 3 1768
3454 633 2740
4003 267 963
4140 3011 4745
2911 6298 3991
4290 6808 1655
475 6088 3803
6594 6687 2928
9741 706 4476
5472 6054 2414
8809 9288 876
7512 5380 2730
8893 6701 200
3044 511 1425
9092 6720 1146
169 483 701
427 5287 2740
76 5841 459
1217 3784 1668
213 2721 888
3526 6137 1320
4327 7284 4972
8855 4527 1724
7790 3205 1520
8320 9881 4361
32 7089 490
2939 5683 3885
1135 5154 882
2514 6069 4529
2238 8937 3625
4946 417 2204
7564 1492 1125
8529 7794 3942
2382 3782 3266
5306 7348 4085
2886 6529 1020
4193 9276 1663
9972 2751 86
6688 9958 2517
69 6779 3786
3457 9372 369
2469 4388 4960
5955 2040 86
9939 6343 930
312 277 2140
9321 4028 4965
3650 1721 197
7370 6353 781
6943 4796 4363
8694 5864 3347
1329 9943 3186
4483 6802 2929
9523 5933 2520
1593 3054 1391
3795 4218 1773
5806 8993 3063
5793 8493 1483
8455 5556 1977
9532 6550 4496
7066 7027 3526
6561 1731 1014
409 7207 2129
7064 8838 1827
2785 6299 4591
8730 6339 353
2182 2318 4175
8335 4199 4205
5352 4124 2467
3920 6961 4911
8140 1006 1228
9525 669 3588
4759 4370 4695
827 5704 2821
8590 6307 4409
221 5028 3794
187 5045 3183
4983 4859 335
3284 9721 1942
1806 7548 4746
1815 856 2597
7853 3255 492
8305 8661 4524
7785 4297 64
566 9418 4266
6084 8564 1918
5349 7458 1232
3653 3744 3708
7785 361 1679
2168 6556 4658
9514 942 1728
5736 4001 2624
4359 9307 1521
7895 5895 3987
6975 7244 2751
9581 6524 4294
4562 2745 2917
3006 7539 1922
8576 1579 4271
8737 8779 1010
843 2674 751
7764 9935 4771
5277 3222 3305
7752 9727 1499
2109 8468 1248
6225 586 4797
334 189 263
3701 1908 4221
7283 3385 3410
7713 7411 1579
6143 7803 853
5257 2324 3848
9356 178 272
9661 2297 691
3582 4738 3137
8830 760 107
3724 5005 4552
3287 515 3216
399 836 1790
1712 736 1287
5547 8943 2404
4946 6490 540
8316 2924 3941
5947 2250 514
4759 618 4285
2516 2540 4614
4313 6361 2196
5617 7175 140
2082 2836 4189
3593 4989 2746
1268 357 947
1582 3364 4639
1749 12 1919
5392 7794 3722
6813 6420 4300
486 5734 1090
8225 2731 1901
8225 8914 3774
2361 3318 1407
6627 6633 2970
3066 6307 541
61 777 4817
8361 4003 4721
1527 3048 3885
8380 1300 519
8854 4472 1509
3153 7355 1163
1707 471 2035
2182 6659 1485
1330 7337 4952
9381 3996 3031
7505 3480 1092
1055 6805 43
672 2245 4556
3164 9008 4634
2651 3699 566
8855 4240 4443
3909 7828 536
8062 389 469
7872 7759 2173
4244 886 3183
4655 4031 3787
9675 6950 2743
3980 2597 2689
2724 821 584
2361 5272 4295
3688 8946 1559
9722 5280 1558
2905 4220 3466
4373 6373 4791
3445 4220 449
2804 8757 1186
4584 6269 421
5553 9860 4624
1525 5007 2948
6462 4119 2224
5840 949 527
3600 2852 3620
5219 5683 2995
5823 4080 3557
2424 728 477
1359 9382 3037
3443 6826 3576
5054 4997 1947
2139 7305 950
7733 3496 1729
5802 931 1720
521 8487 4941
9111 2444 180
8265 7712 1384
8220 4745 425
5267 3080 4071
1293 4133 2473
5811 6750 4280
9703 6555 4274
2649 5539 2454
3252 5414 988
3460 7039 1587
3012 3257 1270
7806 9651 3462
3133 6623 3464
399 9675 4343
342 5463 3458
6324 6546 2674
2937 5240 4990
2037 7675 1685
8184 8670 270
138 9823 3033
6282 8983 3165
5346 5873 2464
8969 3212 362
2816 3746 276
8208 3588 2410
8408 5977 1207
7323 5597 678
6943 7761 2063
9998 2082 3054
8524 1256 267
6261 3040 4617
1958 8211 4049
4700 7071 2911
3430 2182 1665
6676 2560 2288
1827 5537 4488
761 7461 3564
9207 5478 1798
8013 2272 230
3163 8302 3450
5492 3624 2108
3180 1391 4220
9912 8456 2360
120 8748 3981
1286 6452 747
8555 681 4882
4834 1577 1922
6532 2361 2910
4568 9957 2079
9446 1496 3709
146 743 2014
3756 7902 3884
5474 1899 639
1808 1726 3214
6511 1127 397
3954 3402 1291
4051 6826 1766
8526 4173 4669
7175 4145 4022
3785 6869 2783
6482 191 3893
2776 8398 3639
8563 7747 889
3086 8386 1766
2051 9572 43
4422 9310 3215
2471 4917 252
4927 1217 1215
4017 7828 2457
6218 3161 3021
3802 1569 550
5523 9035 3714
181 902 3848
3899 4398 1619
8110 5672 1673
7125 1397 917
6801 4638 1508
9179 4233 4269
1589 4368 4597
6966 4407 970
7707 4209 2990
2228 1937 4568
835 6048 2865
3864 3390 594
2286 2488 1819
7510 1552 1116
4761 2206 4806
6697 2223 565
2566 4182 735
6160 9077 563
6018 8682 1103
6655 4575 3204
6176 8646 1411
6130 5419 1726
7097 3901 3979
5142 2053 2126
5070 6812 1162
5554 2656 1339
1148 9705 1584
3633 1932 3276
8791 8745 4264
1366 5033 3578
7979 9363 89
4973 7953 4282
8563 9788 2665
2627 3474 737
1051 897 2127
2580 9939 4815
8344 3591 3878
4714 7163 1478
4214 8106 964
1896 7605 178
2854 4515 554
6128 3948 3663
5214 3083 4267
7340 2756 717
280 4593 1693
9357 5707 1878
1639 179 3656
9808 9706 376
7615 3551 2674
788 7322 3693
498 8142 1507
5842 306 3647
2516 2759 2720
2861 4083 3083
6499 3948 3797
2223 8546 1376
913 7580 2171
6356 5776 3140
325 3748 4404
8169 8318 1140
2810 7255 1060
1927 4152 3712
8006 5224 1734
8783 5299 2702
8103 2192 1262
451 5884 4425
5696 2856 480
4042 1046 1984
6097 7818 1009
3068 7266 2442
337 9292 846
5374 9297 3670
3472 9185 2221
2904 5585 3118
4178 8169 3579
945 9488 2137
6157 6037 558
6894 6976 2078
8682 3883 4286
7438 6534 2920
2199 466 4864
9292 3271 521
9179 2474 2379
8391 8875 2721
3840 5186 1821
6958 7724 3294
6829 2825 2574
5286 6944 1656
8968 7283 3902
4728 2291 4405
9610 121 4610
4289 8081 264
897 6246 1872
181 9490 3234
4605 5805 2001
4861 5521 1164
9190 7548 4175
4895 7586 3662
8622 2479 4675
5341 1667 1706
9212 49 227
6437 6940 4190
2822 9024 4914
8851 8289 606
7715 1893 4604
7750 8984 654
7739 2489 2651
8499 8908 732
903 5755 3414
591 8474 2570
4066 9237 514
99 7632 3959
4939 7519 3090
3528 5957 1271
6445 8711 2822
2503 3601 1555
1170 5804 352
7483 4204 11
6837 575 71
1790 1185 3245
3847 5922 2038
9834 148 2774
7620 9823 2647
3939 5148 4151
8568 6452 4383
5747 4400 4834
7896 1344 1884
2022 5566 698
5536 6704 2594
7409 4033 2286
4904 9145 4101
6043 420 3436
6668 8922 2476
6944 4352 1087
3674 4535 4081
4882 9326 983
5787 8112 887
2618 2881 972
1267 1231 3490
6840 1694 3225
3634 4183 1175
8196 7360 4595
8925 3499 3799
7436 3550 4767
8687 1498 2173
6919 5753 2856
5936 7547 4309
4725 7407 1015
4389 6000 2473
1017 2195 2258
9910 6519 1181
4183 8255 2049
439 4415 2687
3781 6978 2388
8445 1036 2722
1051 9639 774
5936 5626 4545
9718 1199 1712
293 4387 1723
6822 7054 1161
6594 8237 2714
5737 8257 1757
4467 9102 2899
9310 8380 4218
1075 182 474
966 6036 4156
9169 7646 108
24 9853 3022
2042 1114 4198
6430 1628 2716
2721 4022 4704
4109 2841 4646
5972 7173 211
6110 133 570
9515 5795 1234
6552 6880 3268
7361 6005 154
2124 8836 4779
5 8307 4439
5492 5999 4434
8519 799 1805
5176 9998 612
1198 4830 3609
6844 7993 4809
7849 1684 4563
7508 7988 4861
5990 3711 2150
5341 6904 2494
8825 7971 3230
618 9320 3378
1562 2092 2919
7118 1032 88
9807 8761 2810
7936 861 1926
7382 7912 3532
6621 4552 3850
3863 2221 3107
5268 9953 4717
1128 3959 2731
3413 7526 2946
9186 6407 83
1357 9222 4728
5270 4932 4693
8205 8670 1360
9674 5833 2727
3198 7631 4891
3537 3443 1705
8572 7434 138
9009 8647 3233
5393 8945 1402
1366 2617 3931
4386 6582 3559
9990 6306 4217
8044 231 856
1886 6339 1018
9896 7342 4349
6860 6474 3923
6684 3361 2326
8930 9927 1896
7866 2002 488
7498 360 2000
5782 9556 4765
3034 381 3995
2545 5129 2880
5456 9407 2778
8458 6184 3987
7602 8165 3901
8775 7889 4916
3873 7172 2007
1432 5027 2982
9447 1276 2668
8651 7680 1476
8875 1708 2105
4320 2124 1111
9744 6287 3479
4758 5428 2172
6702 7778 2413
1873 5796 2923
8610 1135 4724
4914 3572 1662
9737 5115 1363
3152 5066 1503
6701 222 1219
3533 552 939
3589 4580 3019
2153 543 1209
7125 1584 1215
6743 3094 2219
7294 7614 2470
7770 7085 4082
5206 9144 1089
9653 5382 3062
3694 4234 43
2232 6956 1215
2894 3291 1740
7880 9986 4006
2131 2518 4290
3009 9221 2327
2161 3458 2291
5706 3606 806
8374 7820 2642
2849 4453 4576
4497 9088 2132
4042 9991 3998
4943 3809 2453
565 3084 2667
1181 1902 2249
7724 3971 192
7221 9310 3632
5166 8260 1117
6052 8486 4661
9113 1633 4203
8854 8012 254
6522 7199 4874
6263 9675 144
711 14 363
8419 5482 4613
7193 583 3277
7819 9265 3407
9868 3125 2123
4053 3477 389
8383 2078 240
4722 8539 3839
4784 2787 4580
3285 6560 4185
2683 2935 3746
2092 4748 1323
7854 8175 3115
9213 44 1927
9232 3213 2972
8683 2558 193
1163 1345 1152
4300 6219 1576
4898 5414 4982
3549 6781 1156
2261 4618 1010
1626 6859 3882
1258 6950 4339
7900 5118 4233
2379 4057 4530
5567 4514 1233
6501 8283 444
8316 8775 149
482 6114 4126
6767 1181 866
3096 5520 2918
4413 5016 2302
7643 7682 879
2672 5394 2637
8100 9914 2454
1019 7764 1426
2884 4946 2546
3275 5260 2640
9297 296 3187
5887 8633 1688
6887 326 4475
6932 8182 4707
5091 5387 3018
3130 7261 1
1892 1427 2953
609 5730 2174
7790 8908 4828
4871 4689 277
4119 445 2997
8753 3275 1059
420 8352 3464
8947 4980 4397
8752 4892 2157
815 6358 3370
8578 2265 2332
1700 9919 4917
2442 8029 4850
6918 5128 2445
2867 6775 3991
7119 7077 4860
4139 6582 4570
5252 7057 4288
1002 6422 3621
7749 7333 2769
462 2219 2029
5707 3428 2214
3456 2587 4157
4333 574 810
1715 6147 3388
9528 4526 1425
8792 6987 2769
2097 1606 4041
2632 5725 3346
4743 1463 1303
6654 6712 1850
4370 3662 369
1895 2847 3647
3314 776 1886
3763 6432 669
3124 6429 169
5788 2676 3831
1980 5213 4999
5491 5825 2054
4069 1374 215
7343 8976 3729
487 7416 3399
5609 6717 3639
6795 676 328
4591 5312 1232
6018 8168 782
8969 2998 2461
2635 1777 47
9359 4166 902
